H NUM     Z    A ISOM  ABUNDANCE_MF  ISOTP
 # mod      804 dzeit  2.93E-07 agej  1.2827E-04
 # t9 =    1.750E-01 rho =    4.528E+01
 # densn  8.14804E+08
 # densp  1.24756E+23
 # densa  3.33546E+24
 # total_energy_flux_[erg/(g*s)]  2.30147E+16
    1     0.   1.   1   2.98786E-17  NEUT 
    2     1.   1.   1   4.57477E-03  PROT 
    3     1.   2.   1   1.24889E-13  H   2
    4     2.   3.   1   4.78088E-11  HE  3
    5     2.   4.   1   4.89241E-01  HE  4
    6     4.   7.   1   4.33050E-07  BE  7
    7     5.   8.   1   9.96107E-13  B   8
    8     3.   7.   1   1.01988E-14  LI  7
    9     6.  11.   1   2.40779E-08  C  11
   10     5.  11.   1   2.39540E-09  B  11
   11     6.  12.   1   2.87722E-02  C  12
   12     6.  13.   1   2.82241E-02  C  13
   13     7.  13.   1   9.45769E-02  N  13
   14     7.  14.   1   6.16033E-02  N  14
   15     6.  14.   1   8.60986E-09  C  14
   16     7.  15.   1   7.44961E-06  N  15
   17     8.  16.   1   1.17872E-04  O  16
   18     8.  17.   1   3.48923E-06  O  17
   19     8.  18.   1   2.64155E-13  O  18
   20     9.  17.   1   1.45054E-07  F  17
   21     9.  18.   1   1.56809E-08  F  18
   22     9.  19.   1   1.50103E-11  F  19
   23    10.  20.   1   1.16834E-01  NE 20
   24    10.  21.   1   5.73030E-06  NE 21
   25    10.  22.   1   4.01681E-08  NE 22
   26    11.  22.   1   3.74540E-05  NA 22
   27    11.  23.   1   5.44356E-05  NA 23
   28    12.  23.   1   6.84628E-07  MG 23
   29    12.  24.   1   3.32712E-06  MG 24
   30    12.  25.   1   2.70605E-04  MG 25
   31    12.  26.   1   2.71759E-09  MG 26
   32    13.  26.   1   1.15425E-04  AL 26
   33    13.  27.   1   4.38524E-04  AL 27
   34    14.  27.   1   7.20894E-08  SI 27
   35    14.  28.   1   6.95472E-02  SI 28
   36    14.  29.   1   8.50018E-04  SI 29
   37    14.  30.   1   7.69499E-02  SI 30
   38    15.  31.   1   4.48192E-03  P  31
   39    16.  31.   1   1.00000E-99  S  31
   43     4.   8.   1   1.00000E-99  BE  8
   44     8.  14.   1   2.39995E-05  O  14
   45     8.  15.   1   6.69452E-03  O  15
   46    11.  21.   1   1.29333E-06  NA 21
   47    13.  25.   1   1.24422E-07  AL 25
   48    15.  29.   1   1.40092E-08  P  29
   49    15.  30.   1   1.44187E-05  P  30
   50    82. 206.   1   1.38411E-09  PB206
   51    82. 207.   1   1.52853E-09  PB207
   52    83. 211.   1   8.28829E-22  BI211
   53    84. 210.   1   9.05177E-17  PO210
   55     1.   3.   1   3.16730E-10  H   3
   56     9.  20.   1   8.52572E-20  F  20
   57    10.  19.   1   2.38007E-12  NE 19
   58    11.  24.   1   4.98465E-12  NA 24
   59    12.  27.   1   7.50200E-18  MG 27
   60    12.  28.   1   7.61391E-25  MG 28
   61    13.  28.   1   6.25285E-11  AL 28
   62    13.  29.   1   3.20172E-17  AL 29
   63    14.  31.   1   2.93349E-08  SI 31
   64    14.  32.   1   6.91486E-15  SI 32
   65    15.  32.   1   1.20015E-09  P  32
   66    15.  33.   1   1.72416E-13  P  33
   67    15.  34.   1   2.12595E-21  P  34
   68    15.  35.   1   1.00000E-99  P  35
   69    16.  32.   1   1.56850E-02  S  32
   70    16.  33.   1   1.03563E-05  S  33
   71    16.  34.   1   4.28839E-06  S  34
   72    16.  35.   1   5.38330E-13  S  35
   73    16.  36.   1   6.39835E-17  S  36
   74    16.  37.   1   3.74349E-25  S  37
   75    16.  38.   1   1.00000E-99  S  38
   76    17.  34.   1   5.74968E-12  CL 34
   77    17.  35.   1   4.94108E-06  CL 35
   78    17.  36.   1   8.89410E-12  CL 36
   79    17.  37.   1   5.72895E-08  CL 37
   80    17.  38.   1   5.09548E-14  CL 38
   81    17.  39.   1   1.44089E-18  CL 39
   82    17.  40.   1   1.13595E-25  CL 40
   83    18.  35.   1   1.00000E-99  AR 35
   84    18.  36.   1   7.53818E-07  AR 36
   85    18.  37.   1   3.31473E-05  AR 37
   86    18.  38.   1   7.80893E-06  AR 38
   87    18.  39.   1   8.88473E-12  AR 39
   88    18.  40.   1   1.99760E-16  AR 40
   89    18.  41.   1   3.14441E-22  AR 41
   90    18.  42.   1   6.24739E-27  AR 42
   91    18.  43.   1   1.00000E-99  AR 43
   92    18.  44.   1   1.00000E-99  AR 44
   93    19.  38.   1   1.33768E-07  K  38
   94    19.  39.   1   1.68066E-06  K  39
   95    19.  40.   1   1.18819E-11  K  40
   96    19.  41.   1   3.66314E-15  K  41
   97    19.  42.   1   1.30547E-19  K  42
   98    19.  43.   1   1.45513E-23  K  43
   99    19.  44.   1   1.00000E-99  K  44
  100    19.  45.   1   1.00000E-99  K  45
  101    19.  46.   1   1.00000E-99  K  46
  102    20.  39.   1   5.78030E-16  CA 39
  103    20.  40.   1   2.98854E-05  CA 40
  104    20.  41.   1   2.97286E-10  CA 41
  105    20.  42.   1   2.44089E-07  CA 42
  106    20.  43.   1   5.31303E-08  CA 43
  107    20.  44.   1   8.31634E-07  CA 44
  108    20.  45.   1   8.62620E-12  CA 45
  109    20.  46.   1   1.67395E-09  CA 46
  110    20.  47.   1   1.11392E-14  CA 47
  111    20.  48.   1   8.16639E-08  CA 48
  112    20.  49.   1   6.68581E-15  CA 49
  113    21.  43.   1   5.77551E-09  SC 43
  114    21.  44.   1   1.02352E-09  SC 44
  115    21.  45.   1   4.15398E-08  SC 45
  116    21.  46.   1   3.33757E-12  SC 46
  117    21.  47.   1   2.21189E-11  SC 47
  118    21.  48.   1   3.35601E-15  SC 48
  119    21.  49.   1   6.32595E-10  SC 49
  120    21.  50.   1   5.39650E-17  SC 50
  121    22.  44.   1   1.51203E-11  TI 44
  122    22.  45.   1   3.11862E-12  TI 45
  123    22.  46.   1   1.59840E-07  TI 46
  124    22.  47.   1   1.47236E-07  TI 47
  125    22.  48.   1   1.48961E-06  TI 48
  126    22.  49.   1   1.12117E-07  TI 49
  127    22.  50.   1   1.09153E-07  TI 50
  128    22.  51.   1   1.49445E-14  TI 51
  129    22.  52.   1   2.24212E-21  TI 52
  130    23.  47.   1   8.29756E-11  V  47
  131    23.  48.   1   1.53055E-10  V  48
  132    23.  49.   1   1.34759E-09  V  49
  133    23.  50.   1   5.97294E-10  V  50
  134    23.  51.   1   2.04727E-07  V  51
  135    23.  52.   1   7.43945E-13  V  52
  136    23.  53.   1   5.40528E-19  V  53
  137    24.  48.   1   9.98868E-14  CR 48
  138    24.  49.   1   9.23654E-15  CR 49
  139    24.  50.   1   4.08835E-07  CR 50
  140    24.  51.   1   5.98586E-11  CR 51
  141    24.  52.   1   8.20002E-06  CR 52
  142    24.  53.   1   9.47552E-07  CR 53
  143    24.  54.   1   2.40478E-07  CR 54
  144    24.  55.   1   8.57896E-14  CR 55
  145    24.  56.   1   9.81936E-20  CR 56
  146    25.  51.   1   1.40841E-11  MN 51
  147    25.  52.   1   2.66364E-15  MN 52
  148    25.  53.   1   4.53964E-10  MN 53
  149    25.  54.   1   5.29741E-11  MN 54
  150    25.  55.   1   5.43192E-06  MN 55
  151    25.  56.   1   2.89193E-10  MN 56
  152    25.  57.   1   4.28593E-16  MN 57
  153    26.  52.   1   1.84632E-16  FE 52
  154    26.  53.   1   1.55307E-21  FE 53
  155    26.  54.   1   4.01597E-05  FE 54
  156    26.  55.   1   2.91821E-09  FE 55
  157    26.  56.   1   6.53812E-04  FE 56
  158    26.  57.   1   1.53735E-05  FE 57
  159    26.  58.   1   2.08234E-06  FE 58
  160    26.  59.   1   4.17598E-11  FE 59
  161    26.  60.   1   1.69219E-15  FE 60
  162    26.  61.   1   3.75394E-22  FE 61
  163    27.  55.   1   1.58856E-10  CO 55
  164    27.  56.   1   1.21878E-14  CO 56
  165    27.  57.   1   2.61704E-09  CO 57
  166    27.  58.   1   9.18216E-11  CO 58
  167    27.  59.   1   1.97455E-06  CO 59
  168    27.  60.   1   1.45438E-10  CO 60
  169    27.  61.   1   1.27246E-14  CO 61
  170    27.  62.   1   1.12416E-20  CO 62
  171    27.  63.   1   2.29233E-27  CO 63
  172    28.  56.   1   8.96549E-17  NI 56
  173    28.  57.   1   6.82932E-21  NI 57
  174    28.  58.   1   2.82525E-05  NI 58
  175    28.  59.   1   1.10200E-09  NI 59
  176    28.  60.   1   1.12579E-05  NI 60
  177    28.  61.   1   4.98054E-07  NI 61
  178    28.  62.   1   1.61238E-06  NI 62
  179    28.  63.   1   1.29516E-10  NI 63
  180    28.  64.   1   4.23881E-07  NI 64
  181    28.  65.   1   3.01528E-12  NI 65
  182    28.  66.   1   1.56786E-16  NI 66
  183    28.  67.   1   3.30588E-24  NI 67
  184    28.  68.   1   1.00000E-99  NI 68
  185    29.  60.   1   6.20668E-17  CU 60
  186    29.  61.   1   3.59632E-12  CU 61
  187    29.  62.   1   2.50681E-14  CU 62
  188    29.  63.   1   3.26503E-07  CU 63
  189    29.  64.   1   3.17493E-11  CU 64
  190    29.  65.   1   1.50127E-07  CU 65
  191    29.  66.   1   2.78229E-13  CU 66
  192    29.  67.   1   1.40765E-15  CU 67
  193    29.  68.   1   2.49051E-21  CU 68
  194    29.  69.   1   3.36288E-26  CU 69
  195    29.  70.   1   1.00000E-99  CU 70
  196    29.  71.   1   1.00000E-99  CU 71
  197    30.  62.   1   2.46182E-19  ZN 62
  198    30.  63.   1   7.18611E-21  ZN 63
  199    30.  64.   1   5.59359E-07  ZN 64
  200    30.  65.   1   5.16373E-11  ZN 65
  201    30.  66.   1   3.30962E-07  ZN 66
  202    30.  67.   1   4.93801E-08  ZN 67
  203    30.  68.   1   2.29172E-07  ZN 68
  204    30.  69.   1   4.88420E-12  ZN 69
  205    30.  70.   1   7.80047E-09  ZN 70
  206    30.  71.   1   5.87001E-15  ZN 71
  207    30.  72.   1   1.73856E-17  ZN 72
  208    30.  73.   1   1.04080E-24  ZN 73
  209    30.  74.   1   1.00000E-99  ZN 74
  210    31.  65.   1   6.22317E-15  GA 65
  211    31.  66.   1   3.57352E-18  GA 66
  212    31.  67.   1   2.79233E-14  GA 67
  213    31.  68.   1   2.92418E-15  GA 68
  214    31.  69.   1   2.25135E-08  GA 69
  215    31.  70.   1   8.55930E-13  GA 70
  216    31.  71.   1   1.53710E-08  GA 71
  217    31.  72.   1   3.11024E-12  GA 72
  218    31.  73.   1   1.19541E-15  GA 73
  219    31.  74.   1   6.73797E-21  GA 74
  220    31.  75.   1   3.21047E-26  GA 75
  221    32.  66.   1   1.69118E-22  GE 66
  222    32.  67.   1   1.89761E-26  GE 67
  223    32.  68.   1   3.44615E-22  GE 68
  224    32.  69.   1   6.64172E-23  GE 69
  225    32.  70.   1   2.55144E-08  GE 70
  226    32.  71.   1   3.18317E-12  GE 71
  227    32.  72.   1   3.41834E-08  GE 72
  228    32.  73.   1   9.66955E-09  GE 73
  229    32.  74.   1   4.56568E-08  GE 74
  230    32.  75.   1   1.70887E-12  GE 75
  231    32.  76.   1   9.71069E-09  GE 76
  232    32.  77.   1   3.13759E-13  GE 77
  233    32.  78.   1   1.72155E-17  GE 78
  234    33.  69.   1   1.00000E-99  AS 69
  235    33.  70.   1   1.00000E-99  AS 70
  236    33.  71.   1   2.95321E-16  AS 71
  237    33.  72.   1   6.21667E-20  AS 72
  238    33.  73.   1   5.26422E-16  AS 73
  239    33.  74.   1   1.86111E-16  AS 74
  240    33.  75.   1   7.07132E-09  AS 75
  241    33.  76.   1   1.12607E-12  AS 76
  242    33.  77.   1   2.40339E-14  AS 77
  243    33.  78.   1   8.90117E-18  AS 78
  244    33.  79.   1   2.95167E-22  AS 79
  245    33.  80.   1   1.00000E-99  AS 80
  246    33.  81.   1   1.00000E-99  AS 81
  247    34.  72.   1   5.64022E-25  SE 72
  248    34.  73.   1   1.00000E-99  SE 73
  249    34.  74.   1   5.92386E-10  SE 74
  250    34.  75.   1   2.39449E-13  SE 75
  251    34.  76.   1   6.41413E-09  SE 76
  252    34.  77.   1   5.29436E-09  SE 77
  253    34.  78.   1   1.67051E-08  SE 78
  254    34.  79.   1   1.58056E-12  SE 79
  255    34.  80.   1   3.57479E-08  SE 80
  256    34.  81.   1   3.77827E-13  SE 81
  257    34.  82.   1   6.44936E-09  SE 82
  258    34.  83.   1   1.95472E-14  SE 83
  259    34.  84.   1   2.77815E-20  SE 84
  260    35.  74.   1   1.00000E-99  BR 74
  261    35.  75.   1   6.91206E-19  BR 75
  262    35.  76.   1   4.21349E-22  BR 76
  263    35.  77.   1   1.25962E-17  BR 77
  264    35.  78.   1   1.17264E-17  BR 78
  265    35.  79.   1   6.86658E-09  BR 79
  266    35.  80.   1   1.32975E-12  BR 80
  267    35.  81.   1   6.85581E-09  BR 81
  268    35.  82.   1   2.58861E-12  BR 82
  269    35.  83.   1   6.65375E-14  BR 83
  270    35.  84.   1   2.16900E-18  BR 84
  271    35.  85.   1   1.68210E-23  BR 85
  272    35.  86.   1   1.00000E-99  BR 86
  273    35.  87.   1   1.00000E-99  BR 87
  274    36.  76.   1   1.00000E-99  KR 76
  275    36.  77.   1   1.00000E-99  KR 77
  276    36.  78.   1   1.92896E-10  KR 78
  277    36.  79.   1   5.59033E-14  KR 79
  278    36.  80.   1   1.27829E-09  KR 80
  279    36.  81.   1   6.67972E-13  KR 81
  280    36.  82.   1   6.52727E-09  KR 82
  281    36.  83.   1   6.54903E-09  KR 83
  282    36.  84.   1   3.26623E-08  KR 84
  283    36.  85.   1   2.20734E-12  KR 85
  284    36.  86.   1   1.01140E-08  KR 86
  285    36.  87.   1   2.11289E-14  KR 87
  286    36.  88.   1   6.90990E-19  KR 88
  287    36.  89.   1   2.42820E-25  KR 89
  288    36.  90.   1   1.00000E-99  KR 90
  289    37.  79.   1   1.02420E-20  RB 79
  290    37.  80.   1   6.42057E-26  RB 80
  291    37.  81.   1   1.58583E-19  RB 81
  292    37.  82.   1   1.30304E-22  RB 82
  293    37.  83.   1   1.19630E-18  RB 83
  294    37.  84.   1   1.47606E-18  RB 84
  295    37.  85.   1   6.34272E-09  RB 85
  296    37.  86.   1   1.73382E-12  RB 86
  297    37.  87.   1   2.50463E-09  RB 87
  298    37.  88.   1   9.21430E-15  RB 88
  299    37.  89.   1   5.58507E-19  RB 89
  300    37.  90.   1   2.27077E-24  RB 90
  301    37.  91.   1   1.00000E-99  RB 91
  302    38.  80.   1   1.00000E-99  SR 80
  303    38.  81.   1   1.00000E-99  SR 81
  304    38.  82.   1   1.00000E-99  SR 82
  305    38.  83.   1   1.00000E-99  SR 83
  306    38.  84.   1   1.59612E-10  SR 84
  307    38.  85.   1   8.56383E-14  SR 85
  308    38.  86.   1   2.89110E-09  SR 86
  309    38.  87.   1   2.19805E-09  SR 87
  310    38.  88.   1   2.47898E-08  SR 88
  311    38.  89.   1   2.32619E-13  SR 89
  312    38.  90.   1   7.65016E-18  SR 90
  313    38.  91.   1   2.16465E-22  SR 91
  314    38.  92.   1   1.42132E-26  SR 92
  315    38.  93.   1   1.00000E-99  SR 93
  316    38.  94.   1   1.00000E-99  SR 94
  317    39.  85.   1   2.62604E-21  Y  85
  318    39.  86.   1   2.01975E-24  Y  86
  319    39.  87.   1   6.33097E-20  Y  87
  320    39.  88.   1   5.14061E-20  Y  88
  321    39.  89.   1   6.08163E-09  Y  89
  322    39.  90.   1   2.16117E-13  Y  90
  323    39.  91.   1   6.87070E-17  Y  91
  324    39.  92.   1   6.74701E-21  Y  92
  325    39.  93.   1   3.47719E-24  Y  93
  326    39.  94.   1   1.00000E-99  Y  94
  327    39.  95.   1   1.00000E-99  Y  95
  328    39.  96.   1   1.00000E-99  Y  96
  329    40.  86.   1   1.00000E-99  ZR 86
  330    40.  87.   1   1.00000E-99  ZR 87
  331    40.  88.   1   1.00000E-99  ZR 88
  332    40.  89.   1   3.56202E-27  ZR 89
  333    40.  90.   1   7.59064E-09  ZR 90
  334    40.  91.   1   1.67415E-09  ZR 91
  335    40.  92.   1   2.58584E-09  ZR 92
  336    40.  93.   1   1.85517E-13  ZR 93
  337    40.  94.   1   2.67796E-09  ZR 94
  338    40.  95.   1   1.19158E-13  ZR 95
  339    40.  96.   1   4.40462E-10  ZR 96
  340    40.  97.   1   1.03014E-14  ZR 97
  341    40.  98.   1   1.60268E-21  ZR 98
  342    41.  89.   1   1.00000E-99  NB 89
  343    41.  90.   1   1.00000E-99  NB 90
  344    41.  91.   1   2.05058E-20  NB 91
  345    41.  92.   1   4.32108E-21  NB 92
  346    41.  93.   1   9.39539E-10  NB 93
  347    41.  94.   1   4.65024E-13  NB 94
  348    41.  95.   1   3.23162E-16  NB 95
  349    41.  96.   1   1.22799E-19  NB 96
  350    41.  97.   1   3.31307E-16  NB 97
  351    41.  98.   1   1.28500E-19  NB 98
  352    41.  99.   1   1.96545E-24  NB 99
  353    42.  90.   1   1.00000E-99  MO 90
  354    42.  91.   1   1.00000E-99  MO 91
  355    42.  92.   1   5.00835E-10  MO 92
  356    42.  93.   1   7.14904E-14  MO 93
  357    42.  94.   1   3.18919E-10  MO 94
  358    42.  95.   1   5.54820E-10  MO 95
  359    42.  96.   1   5.87626E-10  MO 96
  360    42.  97.   1   3.40071E-10  MO 97
  361    42.  98.   1   8.67977E-10  MO 98
  362    42.  99.   1   1.41096E-13  MO 99
  363    42. 100.   1   3.53475E-10  MO100
  364    42. 101.   1   6.35577E-15  MO101
  365    42. 102.   1   3.34554E-19  MO102
  366    43.  93.   1   1.32945E-22  TC 93
  367    43.  94.   1   2.35251E-26  TC 94
  368    43.  95.   1   9.91642E-23  TC 95
  369    43.  96.   1   1.38831E-22  TC 96
  370    43.  97.   1   4.14704E-17  TC 97
  371    43.  98.   1   7.56443E-21  TC 98
  372    43.  99.   1   1.67467E-15  TC 99
  373    43. 100.   1   5.95949E-21  TC100
  374    43. 101.   1   8.23279E-15  TC101
  375    43. 102.   1   3.63759E-19  TC102
  376    43. 103.   1   4.07972E-24  TC103
  377    43. 104.   1   3.71716E-26  TC104
  378    43. 105.   1   1.00000E-99  TC105
  379    44.  94.   1   1.00000E-99  RU 94
  380    44.  95.   1   1.00000E-99  RU 95
  381    44.  96.   1   1.44697E-10  RU 96
  382    44.  97.   1   4.13748E-14  RU 97
  383    44.  98.   1   4.98096E-11  RU 98
  384    44.  99.   1   3.43332E-10  RU 99
  385    44. 100.   1   3.42918E-10  RU100
  386    44. 101.   1   4.68231E-10  RU101
  387    44. 102.   1   8.75991E-10  RU102
  388    44. 103.   1   2.21886E-13  RU103
  389    44. 104.   1   5.26709E-10  RU104
  390    44. 105.   1   9.25308E-14  RU105
  391    44. 106.   1   6.53771E-17  RU106
  392    45.  98.   1   1.00000E-99  RH 98
  393    45.  99.   1   1.25261E-24  RH 99
  394    45. 100.   1   6.40968E-24  RH100
  395    45. 101.   1   5.43769E-24  RH101
  396    45. 102.   1   7.69445E-24  RH102
  397    45. 103.   1   5.21156E-10  RH103
  398    45. 104.   1   5.74405E-15  RH104
  399    45. 105.   1   4.51828E-14  RH105
  400    45. 106.   1   2.70975E-19  RH106
  401    45. 107.   1   1.16766E-21  RH107
  402    45. 108.   1   4.40867E-26  RH108
  403    46.  99.   1   1.00000E-99  PD 99
  404    46. 100.   1   1.00000E-99  PD100
  405    46. 101.   1   1.00000E-99  PD101
  406    46. 102.   1   2.09706E-11  PD102
  407    46. 103.   1   1.13977E-14  PD103
  408    46. 104.   1   2.34167E-10  PD104
  409    46. 105.   1   4.72198E-10  PD105
  410    46. 106.   1   5.84766E-10  PD106
  411    46. 107.   1   2.38656E-13  PD107
  412    46. 108.   1   5.76134E-10  PD108
  413    46. 109.   1   1.77572E-13  PD109
  414    46. 110.   1   2.59931E-10  PD110
  415    46. 111.   1   1.24095E-14  PD111
  416    46. 112.   1   3.42758E-17  PD112
  417    47. 101.   1   1.00000E-99  AG101
  418    47. 102.   1   1.00000E-99  AG102
  419    47. 103.   1   3.41370E-26  AG103
  420    47. 104.   1   1.00000E-99  AG104
  421    47. 105.   1   3.79517E-25  AG105
  422    47. 106.   1   1.01295E-26  AG106
  423    47. 107.   1   3.87466E-10  AG107
  424    47. 108.   1   1.03680E-14  AG108
  425    47. 109.   1   3.66703E-10  AG109
  426    47. 110.   1   4.60018E-15  AG110
  427    47. 111.   1   5.33902E-14  AG111
  428    47. 112.   1   3.34802E-19  AG112
  429    47. 113.   1   8.95623E-22  AG113
  430    48. 102.   1   1.00000E-99  CD102
  431    48. 103.   1   1.00000E-99  CD103
  432    48. 104.   1   1.00000E-99  CD104
  433    48. 105.   1   1.00000E-99  CD105
  434    48. 106.   1   3.13813E-11  CD106
  435    48. 107.   1   1.36652E-14  CD107
  436    48. 108.   1   2.31601E-11  CD108
  437    48. 109.   1   7.19580E-15  CD109
  438    48. 110.   1   3.25801E-10  CD110
  439    48. 111.   1   3.36434E-10  CD111
  440    48. 112.   1   6.40501E-10  CD112
  441    48. 113.   1   3.27080E-10  CD113
  442    48. 114.   1   7.76188E-10  CD114
  443    48. 115.   1   1.64080E-13  CD115
  444    48. 116.   1   2.05842E-10  CD116
  445    48. 117.   1   1.84862E-14  CD117
  446    48. 118.   1   3.85655E-18  CD118
  447    49. 106.   1   1.00000E-99  IN106
  448    49. 107.   1   1.00000E-99  IN107
  449    49. 108.   1   1.00000E-99  IN108
  450    49. 109.   1   1.00000E-99  IN109
  451    49. 110.   1   1.00000E-99  IN110
  452    49. 111.   1   4.67319E-26  IN111
  453    49. 112.   1   5.35149E-26  IN112
  454    49. 113.   1   1.28650E-11  IN113
  455    49. 114.   1   2.11444E-16  IN114
  456    49. 115.   1   2.92333E-10  IN115
  457    49. 116.   1   8.14750E-16  IN116
  458    49. 117.   1   3.75281E-15  IN117
  459    49. 118.   1   4.96487E-19  IN118
  460    49. 119.   1   1.40453E-22  IN119
  461    50. 108.   1   1.00000E-99  SN108
  462    50. 109.   1   1.00000E-99  SN109
  463    50. 110.   1   1.00000E-99  SN110
  464    50. 111.   1   1.00000E-99  SN111
  465    50. 112.   1   6.03876E-11  SN112
  466    50. 113.   1   1.89063E-14  SN113
  467    50. 114.   1   4.17356E-11  SN114
  468    50. 115.   1   2.16534E-11  SN115
  469    50. 116.   1   9.36743E-10  SN116
  470    50. 117.   1   4.98767E-10  SN117
  471    50. 118.   1   1.58770E-09  SN118
  472    50. 119.   1   5.67448E-10  SN119
  473    50. 120.   1   2.17250E-09  SN120
  474    50. 121.   1   1.47908E-13  SN121
  475    50. 122.   1   3.13671E-10  SN122
  476    50. 123.   1   1.16567E-14  SN123
  477    50. 124.   1   3.98709E-10  SN124
  478    50. 125.   1   1.02433E-14  SN125
  479    50. 126.   1   1.35847E-18  SN126
  480    50. 127.   1   3.11615E-24  SN127
  481    50. 128.   1   1.00000E-99  SN128
  482    50. 129.   1   1.00000E-99  SN129
  483    50. 130.   1   1.00000E-99  SN130
  484    51. 112.   1   1.00000E-99  SB112
  485    51. 113.   1   1.00000E-99  SB113
  486    51. 114.   1   1.00000E-99  SB114
  487    51. 115.   1   1.00000E-99  SB115
  488    51. 116.   1   1.00000E-99  SB116
  489    51. 117.   1   1.12472E-26  SB117
  490    51. 118.   1   1.00000E-99  SB118
  491    51. 119.   1   2.32329E-26  SB119
  492    51. 120.   1   1.00000E-99  SB120
  493    51. 121.   1   3.12322E-10  SB121
  494    51. 122.   1   2.31082E-13  SB122
  495    51. 123.   1   2.37498E-10  SB123
  496    51. 124.   1   1.62133E-14  SB124
  497    51. 125.   1   3.05145E-15  SB125
  498    51. 126.   1   1.49135E-19  SB126
  499    51. 127.   1   4.37055E-23  SB127
  500    51. 128.   1   2.24825E-27  SB128
  501    51. 129.   1   1.00000E-99  SB129
  502    51. 130.   1   1.00000E-99  SB130
  503    51. 131.   1   1.00000E-99  SB131
  504    51. 132.   1   1.00000E-99  SB132
  505    51. 133.   1   1.00000E-99  SB133
  506    52. 114.   1   1.00000E-99  TE114
  507    52. 115.   1   1.00000E-99  TE115
  508    52. 116.   1   1.00000E-99  TE116
  509    52. 117.   1   1.00000E-99  TE117
  510    52. 118.   1   1.00000E-99  TE118
  511    52. 119.   1   1.00000E-99  TE119
  512    52. 120.   1   8.04966E-12  TE120
  513    52. 121.   1   5.97550E-15  TE121
  514    52. 122.   1   2.21963E-10  TE122
  515    52. 123.   1   7.81085E-11  TE123
  516    52. 124.   1   4.17678E-10  TE124
  517    52. 125.   1   6.23680E-10  TE125
  518    52. 126.   1   1.67004E-09  TE126
  519    52. 127.   1   2.09799E-13  TE127
  520    52. 128.   1   2.83604E-09  TE128
  521    52. 129.   1   9.43553E-14  TE129
  522    52. 130.   1   3.07244E-09  TE130
  523    52. 131.   1   1.54170E-14  TE131
  524    52. 132.   1   4.30460E-18  TE132
  525    52. 133.   1   3.16955E-23  TE133
  526    52. 134.   1   1.00000E-99  TE134
  527    53. 117.   1   1.00000E-99  I 117
  528    53. 118.   1   1.00000E-99  I 118
  529    53. 119.   1   1.00000E-99  I 119
  530    53. 120.   1   1.00000E-99  I 120
  531    53. 121.   1   1.00000E-99  I 121
  532    53. 122.   1   1.00000E-99  I 122
  533    53. 123.   1   1.00000E-99  I 123
  534    53. 124.   1   1.00000E-99  I 124
  535    53. 125.   1   6.26660E-17  I 125
  536    53. 126.   1   6.82313E-21  I 126
  537    53. 127.   1   7.21164E-10  I 127
  538    53. 128.   1   2.23837E-13  I 128
  539    53. 129.   1   7.43850E-14  I 129
  540    53. 130.   1   5.35102E-18  I 130
  541    53. 131.   1   5.24252E-14  I 131
  542    53. 132.   1   1.62212E-18  I 132
  543    53. 133.   1   7.05714E-23  I 133
  544    53. 134.   1   1.00000E-99  I 134
  545    53. 135.   1   1.00000E-99  I 135
  546    54. 118.   1   1.00000E-99  XE118
  547    54. 119.   1   1.00000E-99  XE119
  548    54. 120.   1   1.00000E-99  XE120
  549    54. 121.   1   1.00000E-99  XE121
  550    54. 122.   1   1.00000E-99  XE122
  551    54. 123.   1   1.00000E-99  XE123
  552    54. 124.   1   1.09208E-11  XE124
  553    54. 125.   1   1.01211E-14  XE125
  554    54. 126.   1   9.63847E-12  XE126
  555    54. 127.   1   5.04796E-15  XE127
  556    54. 128.   1   1.95458E-10  XE128
  557    54. 129.   1   2.41848E-09  XE129
  558    54. 130.   1   3.91309E-10  XE130
  559    54. 131.   1   1.95047E-09  XE131
  560    54. 132.   1   2.37863E-09  XE132
  561    54. 133.   1   2.40151E-13  XE133
  562    54. 134.   1   8.84533E-10  XE134
  563    54. 135.   1   2.44430E-14  XE135
  564    54. 136.   1   7.31405E-10  XE136
  565    54. 137.   1   4.13141E-17  XE137
  566    54. 138.   1   6.67535E-22  XE138
  567    55. 123.   1   1.00000E-99  CS123
  568    55. 124.   1   1.00000E-99  CS124
  569    55. 125.   1   1.00000E-99  CS125
  570    55. 126.   1   1.00000E-99  CS126
  571    55. 127.   1   1.00000E-99  CS127
  572    55. 128.   1   1.00000E-99  CS128
  573    55. 129.   1   1.00000E-99  CS129
  574    55. 130.   1   1.00000E-99  CS130
  575    55. 131.   1   3.86665E-18  CS131
  576    55. 132.   1   3.97076E-22  CS132
  577    55. 133.   1   7.04940E-10  CS133
  578    55. 134.   1   5.63657E-13  CS134
  579    55. 135.   1   2.59976E-15  CS135
  580    55. 136.   1   2.16829E-19  CS136
  581    55. 137.   1   1.68843E-15  CS137
  582    55. 138.   1   8.62318E-21  CS138
  583    55. 139.   1   3.71018E-26  CS139
  584    56. 124.   1   1.00000E-99  BA124
  585    56. 125.   1   1.00000E-99  BA125
  586    56. 126.   1   1.00000E-99  BA126
  587    56. 127.   1   1.00000E-99  BA127
  588    56. 128.   1   1.00000E-99  BA128
  589    56. 129.   1   1.00000E-99  BA129
  590    56. 130.   1   8.96662E-12  BA130
  591    56. 131.   1   9.25626E-15  BA131
  592    56. 132.   1   8.71290E-12  BA132
  593    56. 133.   1   4.79377E-15  BA133
  594    56. 134.   1   2.11313E-10  BA134
  595    56. 135.   1   5.80387E-10  BA135
  596    56. 136.   1   6.97335E-10  BA136
  597    56. 137.   1   1.00416E-09  BA137
  598    56. 138.   1   6.45717E-09  BA138
  599    56. 139.   1   2.74791E-14  BA139
  600    56. 140.   1   1.97119E-18  BA140
  601    56. 141.   1   3.95700E-24  BA141
  602    56. 142.   1   1.00000E-99  BA142
  603    57. 127.   1   1.00000E-99  LA127
  604    57. 128.   1   1.00000E-99  LA128
  605    57. 129.   1   1.00000E-99  LA129
  606    57. 130.   1   1.00000E-99  LA130
  607    57. 131.   1   1.00000E-99  LA131
  608    57. 132.   1   1.00000E-99  LA132
  609    57. 133.   1   1.00000E-99  LA133
  610    57. 134.   1   1.00000E-99  LA134
  611    57. 135.   1   1.00000E-99  LA135
  612    57. 136.   1   1.00000E-99  LA136
  613    57. 137.   1   3.46160E-17  LA137
  614    57. 138.   1   7.93044E-13  LA138
  615    57. 139.   1   8.85630E-10  LA139
  616    57. 140.   1   4.94159E-14  LA140
  617    57. 141.   1   2.11563E-17  LA141
  618    57. 142.   1   3.03046E-21  LA142
  619    57. 143.   1   1.84471E-25  LA143
  620    58. 130.   1   1.00000E-99  CE130
  621    58. 131.   1   1.00000E-99  CE131
  622    58. 132.   1   1.00000E-99  CE132
  623    58. 133.   1   1.00000E-99  CE133
  624    58. 134.   1   1.00000E-99  CE134
  625    58. 135.   1   1.00000E-99  CE135
  626    58. 136.   1   4.14466E-12  CE136
  627    58. 137.   1   1.96217E-15  CE137
  628    58. 138.   1   5.67655E-12  CE138
  629    58. 139.   1   1.49929E-15  CE139
  630    58. 140.   1   2.02983E-09  CE140
  631    58. 141.   1   3.28317E-14  CE141
  632    58. 142.   1   2.58694E-10  CE142
  633    58. 143.   1   1.06431E-14  CE143
  634    58. 144.   1   2.00738E-18  CE144
  635    58. 145.   1   2.52245E-24  CE145
  636    58. 146.   1   3.17053E-26  CE146
  637    59. 133.   1   1.00000E-99  PR133
  638    59. 134.   1   1.00000E-99  PR134
  639    59. 135.   1   1.00000E-99  PR135
  640    59. 136.   1   1.00000E-99  PR136
  641    59. 137.   1   1.00000E-99  PR137
  642    59. 138.   1   1.00000E-99  PR138
  643    59. 139.   1   1.00000E-99  PR139
  644    59. 140.   1   1.00000E-99  PR140
  645    59. 141.   1   3.41798E-10  PR141
  646    59. 142.   1   7.39142E-14  PR142
  647    59. 143.   1   2.62888E-16  PR143
  648    59. 144.   1   1.44361E-20  PR144
  649    59. 145.   1   8.59520E-23  PR145
  650    59. 146.   1   9.23142E-26  PR146
  651    59. 147.   1   1.00000E-99  PR147
  652    59. 148.   1   1.00000E-99  PR148
  653    59. 149.   1   1.00000E-99  PR149
  654    60. 134.   1   1.00000E-99  ND134
  655    60. 135.   1   1.00000E-99  ND135
  656    60. 136.   1   1.00000E-99  ND136
  657    60. 137.   1   1.00000E-99  ND137
  658    60. 138.   1   1.00000E-99  ND138
  659    60. 139.   1   1.00000E-99  ND139
  660    60. 140.   1   1.00000E-99  ND140
  661    60. 141.   1   3.60887E-21  ND141
  662    60. 142.   1   4.90727E-10  ND142
  663    60. 143.   1   2.21735E-10  ND143
  664    60. 144.   1   4.36697E-10  ND144
  665    60. 145.   1   1.53077E-10  ND145
  666    60. 146.   1   3.19065E-10  ND146
  667    60. 147.   1   4.01017E-14  ND147
  668    60. 148.   1   1.08073E-10  ND148
  669    60. 149.   1   1.68540E-14  ND149
  670    60. 150.   1   1.07235E-10  ND150
  671    60. 151.   1   2.73213E-15  ND151
  672    60. 152.   1   3.21113E-19  ND152
  673    61. 137.   1   1.00000E-99  PM137
  674    61. 138.   1   1.00000E-99  PM138
  675    61. 139.   1   1.00000E-99  PM139
  676    61. 140.   1   1.00000E-99  PM140
  677    61. 141.   1   1.00000E-99  PM141
  678    61. 142.   1   1.00000E-99  PM142
  679    61. 143.   1   1.00000E-99  PM143
  680    61. 144.   1   1.00000E-99  PM144
  681    61. 145.   1   4.52056E-20  PM145
  682    61. 146.   1   8.77455E-24  PM146
  683    61. 147.   1   1.33925E-16  PM147
  684    61. 148.   1   1.12754E-19  PM148
  685    61. 149.   1   8.16522E-15  PM149
  686    61. 150.   1   3.29188E-18  PM150
  687    61. 151.   1   3.01167E-14  PM151
  688    61. 152.   1   4.86114E-18  PM152
  689    61. 153.   1   4.57042E-22  PM153
  690    61. 154.   1   8.44505E-27  PM154
  691    62. 140.   1   1.00000E-99  SM140
  692    62. 141.   1   1.00000E-99  SM141
  693    62. 142.   1   1.00000E-99  SM142
  694    62. 143.   1   1.00000E-99  SM143
  695    62. 144.   1   1.82209E-11  SM144
  696    62. 145.   1   2.40837E-15  SM145
  697    62. 146.   1   3.65447E-18  SM146
  698    62. 147.   1   9.05967E-11  SM147
  699    62. 148.   1   6.86336E-11  SM148
  700    62. 149.   1   8.45084E-11  SM149
  701    62. 150.   1   4.58508E-11  SM150
  702    62. 151.   1   3.04507E-14  SM151
  703    62. 152.   1   1.67250E-10  SM152
  704    62. 153.   1   1.20764E-13  SM153
  705    62. 154.   1   1.44225E-10  SM154
  706    62. 155.   1   9.45043E-15  SM155
  707    62. 156.   1   2.09705E-17  SM156
  708    62. 157.   1   2.04945E-22  SM157
  709    62. 158.   1   1.02727E-26  SM158
  710    63. 143.   1   1.00000E-99  EU143
  711    63. 144.   1   1.00000E-99  EU144
  712    63. 145.   1   1.00000E-99  EU145
  713    63. 146.   1   1.00000E-99  EU146
  714    63. 147.   1   1.00000E-99  EU147
  715    63. 148.   1   1.00000E-99  EU148
  716    63. 149.   1   1.00000E-99  EU149
  717    63. 150.   1   1.00000E-99  EU150
  718    63. 151.   1   9.99650E-11  EU151
  719    63. 152.   1   7.31774E-13  EU152
  720    63. 153.   1   1.10953E-10  EU153
  721    63. 154.   1   4.63568E-13  EU154
  722    63. 155.   1   4.20558E-14  EU155
  723    63. 156.   1   1.11233E-17  EU156
  724    63. 157.   1   1.30680E-20  EU157
  725    63. 158.   1   4.94746E-24  EU158
  726    63. 159.   1   5.64961E-27  EU159
  727    64. 144.   1   1.00000E-99  GD144
  728    64. 145.   1   1.00000E-99  GD145
  729    64. 146.   1   1.00000E-99  GD146
  730    64. 147.   1   1.00000E-99  GD147
  731    64. 148.   1   1.00000E-99  GD148
  732    64. 149.   1   1.00000E-99  GD149
  733    64. 150.   1   1.00000E-99  GD150
  734    64. 151.   1   1.00000E-99  GD151
  735    64. 152.   1   1.48134E-12  GD152
  736    64. 153.   1   2.51504E-15  GD153
  737    64. 154.   1   1.58573E-11  GD154
  738    64. 155.   1   1.08014E-10  GD155
  739    64. 156.   1   1.51264E-10  GD156
  740    64. 157.   1   1.16040E-10  GD157
  741    64. 158.   1   1.85695E-10  GD158
  742    64. 159.   1   9.08895E-14  GD159
  743    64. 160.   1   1.65335E-10  GD160
  744    64. 161.   1   1.39025E-15  GD161
  745    64. 162.   1   1.50886E-19  GD162
  746    65. 147.   1   1.00000E-99  TB147
  747    65. 148.   1   1.00000E-99  TB148
  748    65. 149.   1   1.00000E-99  TB149
  749    65. 150.   1   1.00000E-99  TB150
  750    65. 151.   1   1.00000E-99  TB151
  751    65. 152.   1   1.00000E-99  TB152
  752    65. 153.   1   1.00000E-99  TB153
  753    65. 154.   1   1.00000E-99  TB154
  754    65. 155.   1   1.00000E-99  TB155
  755    65. 156.   1   1.00000E-99  TB156
  756    65. 157.   1   4.62499E-17  TB157
  757    65. 158.   1   1.56505E-20  TB158
  758    65. 159.   1   1.36446E-10  TB159
  759    65. 160.   1   3.40776E-13  TB160
  760    65. 161.   1   4.59763E-14  TB161
  761    65. 162.   1   3.85236E-18  TB162
  762    65. 163.   1   7.97014E-22  TB163
  763    65. 164.   1   1.56216E-26  TB164
  764    65. 165.   1   1.00000E-99  TB165
  765    66. 148.   1   1.00000E-99  DY148
  766    66. 149.   1   1.00000E-99  DY149
  767    66. 150.   1   1.00000E-99  DY150
  768    66. 151.   1   1.00000E-99  DY151
  769    66. 152.   1   1.00000E-99  DY152
  770    66. 153.   1   1.00000E-99  DY153
  771    66. 154.   1   1.00000E-99  DY154
  772    66. 155.   1   1.00000E-99  DY155
  773    66. 156.   1   4.95332E-13  DY156
  774    66. 157.   1   1.18548E-15  DY157
  775    66. 158.   1   8.60658E-13  DY158
  776    66. 159.   1   1.48318E-15  DY159
  777    66. 160.   1   2.12556E-11  DY160
  778    66. 161.   1   1.72503E-10  DY161
  779    66. 162.   1   2.35310E-10  DY162
  780    66. 163.   1   2.30314E-10  DY163
  781    66. 164.   1   2.63107E-10  DY164
  782    66. 165.   1   6.81505E-14  DY165
  783    66. 166.   1   5.64063E-17  DY166
  784    66. 167.   1   4.56313E-22  DY167
  785    66. 168.   1   2.67395E-26  DY168
  786    67. 153.   1   1.00000E-99  HO153
  787    67. 154.   1   1.00000E-99  HO154
  788    67. 155.   1   1.00000E-99  HO155
  789    67. 156.   1   1.00000E-99  HO156
  790    67. 157.   1   1.00000E-99  HO157
  791    67. 158.   1   1.00000E-99  HO158
  792    67. 159.   1   1.00000E-99  HO159
  793    67. 160.   1   1.00000E-99  HO160
  794    67. 161.   1   1.00000E-99  HO161
  795    67. 162.   1   1.00000E-99  HO162
  796    67. 163.   1   1.17582E-13  HO163
  797    67. 164.   1   3.01601E-17  HO164
  798    67. 165.   1   2.09568E-10  HO165
  799    67. 166.   1   4.10601E-13  HO166
  800    67. 167.   1   1.06527E-15  HO167
  801    67. 168.   1   3.29490E-20  HO168
  802    67. 169.   1   1.75634E-24  HO169
  803    68. 154.   1   1.00000E-99  ER154
  804    68. 155.   1   1.00000E-99  ER155
  805    68. 156.   1   1.00000E-99  ER156
  806    68. 157.   1   1.00000E-99  ER157
  807    68. 158.   1   1.00000E-99  ER158
  808    68. 159.   1   1.00000E-99  ER159
  809    68. 160.   1   1.00000E-99  ER160
  810    68. 161.   1   1.00000E-99  ER161
  811    68. 162.   1   7.94025E-13  ER162
  812    68. 163.   1   1.61077E-15  ER163
  813    68. 164.   1   9.44736E-12  ER164
  814    68. 165.   1   1.57604E-14  ER165
  815    68. 166.   1   1.99928E-10  ER166
  816    68. 167.   1   1.37159E-10  ER167
  817    68. 168.   1   1.61666E-10  ER168
  818    68. 169.   1   8.08748E-14  ER169
  819    68. 170.   1   9.09939E-11  ER170
  820    68. 171.   1   2.71651E-14  ER171
  821    68. 172.   1   1.22239E-17  ER172
  822    68. 173.   1   9.80975E-23  ER173
  823    68. 174.   1   5.22509E-27  ER174
  824    68. 175.   1   1.00000E-99  ER175
  825    69. 159.   1   1.00000E-99  TM159
  826    69. 160.   1   1.00000E-99  TM160
  827    69. 161.   1   1.00000E-99  TM161
  828    69. 162.   1   1.00000E-99  TM162
  829    69. 163.   1   1.00000E-99  TM163
  830    69. 164.   1   1.00000E-99  TM164
  831    69. 165.   1   1.00000E-99  TM165
  832    69. 166.   1   1.00000E-99  TM166
  833    69. 167.   1   1.00000E-99  TM167
  834    69. 168.   1   1.00000E-99  TM168
  835    69. 169.   1   9.15004E-11  TM169
  836    69. 170.   1   2.35115E-13  TM170
  837    69. 171.   1   3.24056E-15  TM171
  838    69. 172.   1   9.27076E-19  TM172
  839    69. 173.   1   1.61936E-21  TM173
  840    69. 174.   1   5.00710E-26  TM174
  841    69. 175.   1   1.00000E-99  TM175
  842    69. 176.   1   1.00000E-99  TM176
  843    70. 160.   1   1.00000E-99  YB160
  844    70. 161.   1   1.00000E-99  YB161
  845    70. 162.   1   1.00000E-99  YB162
  846    70. 163.   1   1.00000E-99  YB163
  847    70. 164.   1   1.00000E-99  YB164
  848    70. 165.   1   1.00000E-99  YB165
  849    70. 166.   1   1.00000E-99  YB166
  850    70. 167.   1   1.00000E-99  YB167
  851    70. 168.   1   7.81872E-13  YB168
  852    70. 169.   1   1.37785E-15  YB169
  853    70. 170.   1   1.85132E-11  YB170
  854    70. 171.   1   8.74318E-11  YB171
  855    70. 172.   1   1.34751E-10  YB172
  856    70. 173.   1   1.00019E-10  YB173
  857    70. 174.   1   1.98704E-10  YB174
  858    70. 175.   1   4.50585E-14  YB175
  859    70. 176.   1   8.05249E-11  YB176
  860    70. 177.   1   9.89691E-15  YB177
  861    70. 178.   1   3.19023E-18  YB178
  862    70. 179.   1   1.40264E-23  YB179
  863    70. 180.   1   1.00000E-99  YB180
  864    71. 165.   1   1.00000E-99  LU165
  865    71. 166.   1   1.00000E-99  LU166
  866    71. 167.   1   1.00000E-99  LU167
  867    71. 168.   1   1.00000E-99  LU168
  868    71. 169.   1   1.00000E-99  LU169
  869    71. 170.   1   1.00000E-99  LU170
  870    71. 171.   1   1.00000E-99  LU171
  871    71. 172.   1   1.00000E-99  LU172
  872    71. 173.   1   1.00000E-99  LU173
  873    71. 174.   1   1.00000E-99  LU174
  874    71. 175.   1   9.02544E-11  LU175
  875    71. 176.   1   2.58309E-12  LU176
  876    71. 177.   1   1.14174E-14  LU177
  877    71. 178.   1   3.44716E-18  LU178
  878    71. 179.   1   4.05990E-21  LU179
  879    71. 180.   1   1.69871E-25  LU180
  880    71. 181.   1   1.00000E-99  LU181
  881    71. 182.   1   1.00000E-99  LU182
  882    72. 166.   1   1.00000E-99  HF166
  883    72. 167.   1   1.00000E-99  HF167
  884    72. 168.   1   1.00000E-99  HF168
  885    72. 169.   1   1.00000E-99  HF169
  886    72. 170.   1   1.00000E-99  HF170
  887    72. 171.   1   1.00000E-99  HF171
  888    72. 172.   1   1.00000E-99  HF172
  889    72. 173.   1   1.00000E-99  HF173
  890    72. 174.   1   6.08327E-13  HF174
  891    72. 175.   1   8.05140E-16  HF175
  892    72. 176.   1   1.99494E-11  HF176
  893    72. 177.   1   7.09805E-11  HF177
  894    72. 178.   1   1.05071E-10  HF178
  895    72. 179.   1   5.26653E-11  HF179
  896    72. 180.   1   1.36514E-10  HF180
  897    72. 181.   1   2.95564E-14  HF181
  898    72. 182.   1   8.57307E-18  HF182
  899    72. 183.   1   7.93848E-22  HF183
  900    72. 184.   1   2.23814E-25  HF184
  901    72. 185.   1   1.00000E-99  HF185
  902    73. 169.   1   1.00000E-99  TA169
  903    73. 170.   1   1.00000E-99  TA170
  904    73. 171.   1   1.00000E-99  TA171
  905    73. 172.   1   1.00000E-99  TA172
  906    73. 173.   1   1.00000E-99  TA173
  907    73. 174.   1   1.00000E-99  TA174
  908    73. 175.   1   1.00000E-99  TA175
  909    73. 176.   1   1.00000E-99  TA176
  910    73. 177.   1   1.00000E-99  TA177
  911    73. 178.   1   1.00000E-99  TA178
  912    73. 179.   1   4.26878E-18  TA179
  913    73. 180.   1   1.14949E-14  TA180
  914    73. 181.   1   9.80918E-11  TA181
  915    73. 182.   1   1.44884E-13  TA182
  916    73. 183.   1   1.83851E-16  TA183
  917    73. 184.   1   1.32470E-19  TA184
  918    73. 185.   1   9.55094E-23  TA185
  919    73. 186.   1   2.23886E-26  TA186
  920    74. 172.   1   1.00000E-99  W 172
  921    74. 173.   1   1.00000E-99  W 173
  922    74. 174.   1   1.00000E-99  W 174
  923    74. 175.   1   1.00000E-99  W 175
  924    74. 176.   1   1.00000E-99  W 176
  925    74. 177.   1   1.00000E-99  W 177
  926    74. 178.   1   1.00000E-99  W 178
  927    74. 179.   1   1.00000E-99  W 179
  928    74. 180.   1   4.15064E-13  W 180
  929    74. 181.   1   4.20990E-16  W 181
  930    74. 182.   1   9.28474E-11  W 182
  931    74. 183.   1   5.04391E-11  W 183
  932    74. 184.   1   1.08595E-10  W 184
  933    74. 185.   1   3.93872E-14  W 185
  934    74. 186.   1   1.01796E-10  W 186
  935    74. 187.   1   3.25195E-14  W 187
  936    74. 188.   1   1.41398E-17  W 188
  937    74. 189.   1   8.42800E-23  W 189
  938    74. 190.   1   1.06449E-25  W 190
  939    75. 175.   1   1.00000E-99  RE175
  940    75. 176.   1   1.00000E-99  RE176
  941    75. 177.   1   1.00000E-99  RE177
  942    75. 178.   1   1.00000E-99  RE178
  943    75. 179.   1   1.00000E-99  RE179
  944    75. 180.   1   1.00000E-99  RE180
  945    75. 181.   1   1.00000E-99  RE181
  946    75. 182.   1   1.00000E-99  RE182
  947    75. 183.   1   1.00000E-99  RE183
  948    75. 184.   1   1.00000E-99  RE184
  949    75. 185.   1   5.17406E-11  RE185
  950    75. 186.   1   9.89397E-14  RE186
  951    75. 187.   1   8.75573E-11  RE187
  952    75. 188.   1   1.52872E-13  RE188
  953    75. 189.   1   2.52844E-16  RE189
  954    75. 190.   1   1.31934E-19  RE190
  955    75. 191.   1   1.26559E-23  RE191
  956    76. 179.   1   1.00000E-99  OS179
  957    76. 180.   1   1.00000E-99  OS180
  958    76. 181.   1   1.00000E-99  OS181
  959    76. 182.   1   1.00000E-99  OS182
  960    76. 183.   1   1.00000E-99  OS183
  961    76. 184.   1   3.51354E-13  OS184
  962    76. 185.   1   3.11609E-16  OS185
  963    76. 186.   1   2.85698E-11  OS186
  964    76. 187.   1   2.96319E-11  OS187
  965    76. 188.   1   2.41078E-10  OS188
  966    76. 189.   1   2.94949E-10  OS189
  967    76. 190.   1   4.83639E-10  OS190
  968    76. 191.   1   1.87155E-13  OS191
  969    76. 192.   1   7.58087E-10  OS192
  970    76. 193.   1   1.73723E-13  OS193
  971    76. 194.   1   6.32785E-17  OS194
  972    76. 195.   1   2.63608E-22  OS195
  973    76. 196.   1   3.27680E-25  OS196
  974    77. 181.   1   1.00000E-99  IR181
  975    77. 182.   1   1.00000E-99  IR182
  976    77. 183.   1   1.00000E-99  IR183
  977    77. 184.   1   1.00000E-99  IR184
  978    77. 185.   1   1.00000E-99  IR185
  979    77. 186.   1   1.00000E-99  IR186
  980    77. 187.   1   1.00000E-99  IR187
  981    77. 188.   1   1.00000E-99  IR188
  982    77. 189.   1   1.00000E-99  IR189
  983    77. 190.   1   1.00000E-99  IR190
  984    77. 191.   1   6.69874E-10  IR191
  985    77. 192.   1   1.65551E-12  IR192
  986    77. 193.   1   1.14003E-09  IR193
  987    77. 194.   1   1.89198E-12  IR194
  988    77. 195.   1   1.41049E-15  IR195
  989    77. 196.   1   5.27684E-19  IR196
  990    77. 197.   1   8.88534E-23  IR197
  991    78. 184.   1   1.00000E-99  PT184
  992    78. 185.   1   1.00000E-99  PT185
  993    78. 186.   1   1.00000E-99  PT186
  994    78. 187.   1   1.00000E-99  PT187
  995    78. 188.   1   1.00000E-99  PT188
  996    78. 189.   1   1.00000E-99  PT189
  997    78. 190.   1   4.98542E-13  PT190
  998    78. 191.   1   3.67412E-16  PT191
  999    78. 192.   1   2.89189E-11  PT192
 1000    78. 193.   1   2.39528E-14  PT193
 1001    78. 194.   1   1.23122E-09  PT194
 1002    78. 195.   1   1.26960E-09  PT195
 1003    78. 196.   1   9.54198E-10  PT196
 1004    78. 197.   1   2.51522E-13  PT197
 1005    78. 198.   1   2.73130E-10  PT198
 1006    78. 199.   1   1.18391E-14  PT199
 1007    78. 200.   1   8.46163E-18  PT200
 1008    78. 201.   1   4.58536E-24  PT201
 1009    78. 202.   1   1.25151E-26  PT202
 1010    79. 185.   1   1.00000E-99  AU185
 1011    79. 186.   1   1.00000E-99  AU186
 1012    79. 187.   1   1.00000E-99  AU187
 1013    79. 188.   1   1.00000E-99  AU188
 1014    79. 189.   1   1.00000E-99  AU189
 1015    79. 190.   1   1.00000E-99  AU190
 1016    79. 191.   1   1.00000E-99  AU191
 1017    79. 192.   1   1.00000E-99  AU192
 1018    79. 193.   1   1.00000E-99  AU193
 1019    79. 194.   1   1.00000E-99  AU194
 1020    79. 195.   1   2.41243E-19  AU195
 1021    79. 196.   1   3.80395E-23  AU196
 1022    79. 197.   1   5.35373E-10  AU197
 1023    79. 198.   1   5.61199E-13  AU198
 1024    79. 199.   1   3.02308E-14  AU199
 1025    79. 200.   1   1.72575E-18  AU200
 1026    79. 201.   1   8.91695E-23  AU201
 1027    79. 202.   1   1.00000E-99  AU202
 1028    79. 203.   1   1.00000E-99  AU203
 1029    80. 189.   1   1.00000E-99  HG189
 1030    80. 190.   1   1.00000E-99  HG190
 1031    80. 191.   1   1.00000E-99  HG191
 1032    80. 192.   1   1.00000E-99  HG192
 1033    80. 193.   1   1.00000E-99  HG193
 1034    80. 194.   1   1.00000E-99  HG194
 1035    80. 195.   1   1.00000E-99  HG195
 1036    80. 196.   1   1.48834E-12  HG196
 1037    80. 197.   1   4.69848E-16  HG197
 1038    80. 198.   1   9.76900E-11  HG198
 1039    80. 199.   1   1.66139E-10  HG199
 1040    80. 200.   1   2.28745E-10  HG200
 1041    80. 201.   1   1.31137E-10  HG201
 1042    80. 202.   1   2.98660E-10  HG202
 1043    80. 203.   1   2.63881E-14  HG203
 1044    80. 204.   1   6.93250E-11  HG204
 1045    80. 205.   1   1.77185E-16  HG205
 1046    80. 206.   1   4.88092E-22  HG206
 1047    80. 207.   1   1.30534E-27  HG207
 1048    80. 208.   1   1.00000E-99  HG208
 1049    81. 192.   1   1.00000E-99  TL192
 1050    81. 193.   1   1.00000E-99  TL193
 1051    81. 194.   1   1.00000E-99  TL194
 1052    81. 195.   1   1.00000E-99  TL195
 1053    81. 196.   1   1.00000E-99  TL196
 1054    81. 197.   1   1.00000E-99  TL197
 1055    81. 198.   1   1.00000E-99  TL198
 1056    81. 199.   1   1.00000E-99  TL199
 1057    81. 200.   1   1.00000E-99  TL200
 1058    81. 201.   1   1.00000E-99  TL201
 1059    81. 202.   1   1.00000E-99  TL202
 1060    81. 203.   1   1.59298E-10  TL203
 1061    81. 204.   1   4.05015E-14  TL204
 1062    81. 205.   1   3.84042E-10  TL205
 1063    81. 206.   1   1.08004E-15  TL206
 1064    81. 207.   1   2.96521E-21  TL207
 1065    81. 208.   1   6.23819E-27  TL208
 1066    81. 209.   1   1.00000E-99  TL209
 1067    81. 210.   1   1.00000E-99  TL210
 1068    82. 193.   1   1.00000E-99  PB193
 1069    82. 194.   1   1.00000E-99  PB194
 1070    82. 195.   1   1.00000E-99  PB195
 1071    82. 196.   1   1.00000E-99  PB196
 1072    82. 197.   1   1.00000E-99  PB197
 1073    82. 198.   1   1.00000E-99  PB198
 1074    82. 199.   1   1.00000E-99  PB199
 1075    82. 200.   1   1.00000E-99  PB200
 1076    82. 201.   1   1.00000E-99  PB201
 1077    82. 202.   1   1.00000E-99  PB202
 1078    82. 203.   1   1.00000E-99  PB203
 1079    82. 204.   1   1.44982E-10  PB204
 1080    82. 205.   1   5.19706E-14  PB205
 1081    82. 208.   1   4.37820E-09  PB208
 1082    82. 209.   1   3.41753E-16  PB209
 1083    82. 210.   1   1.80429E-21  PB210
 1084    82. 211.   1   1.00000E-99  PB211
 1085    83. 202.   1   1.00000E-99  BI202
 1086    83. 203.   1   1.00000E-99  BI203
 1087    83. 204.   1   1.00000E-99  BI204
 1088    83. 205.   1   1.00000E-99  BI205
 1089    83. 206.   1   1.00000E-99  BI206
 1090    83. 207.   1   1.00000E-99  BI207
 1091    83. 208.   1   1.00000E-99  BI208
 1092    83. 209.   1   4.31309E-10  BI209
 1093    83. 210.   1   2.63037E-15  BI210
