# Iliadis et al. (2001, ApJS 134, 151), Tables 3-9: recommended reaction rates.
# Reformatted from ~/Documents/NuGrid/nuppn/bckup/NovaProject_0.2/references/iliadis2001_table03-09.dat
# (digitized from the paper's PDF tables) into ReacNetJl's per-reaction block format.
reaction: p ne20 -> na21 ; label: 20Ne(p,g)21Na ; table: 3 ; variant: standard
0.015 3.52e-24
0.02 3.01e-21
0.03 1.37e-17
0.04 2.72e-15
0.05 1.15e-13
0.06 2.0e-12
0.07 1.94e-11
0.08 1.26e-10
0.09 6.15e-10
0.1 2.4e-9
0.15 2.88e-7
0.2 5.91e-6
0.3 0.000332
0.4 0.0046
0.5 0.026
0.6 0.0873
0.7 0.218
0.8 0.466
0.9 0.928
1.0 1.79
1.5 27.5
2.0 140.0
3.0 749.0
4.0 1770.0
5.0 2980.0
6.0 4260.0
7.0 5520.0
8.0 6750.0
9.0 7950.0
10.0 9140.0
end
reaction: p ne21 -> na22 ; label: 21Ne(p,g)22Na ; table: 3 ; variant: standard
0.01 4.4e-25
0.015 1.47e-22
0.02 2.91e-21
0.03 9.41e-18
0.04 4.49e-13
0.05 3.57e-10
0.06 2.92e-8
0.07 6.56e-7
0.08 6.58e-6
0.09 3.87e-5
0.1 0.000157
0.15 0.00968
0.2 0.108
0.3 4.17
0.4 31.8
0.5 105.0
0.6 237.0
0.7 434.0
0.8 706.0
0.9 1060.0
1.0 1520.0
1.5 5120.0
2.0 10000.0
3.0 15800.0
4.0 19500.0
5.0 22500.0
6.0 25400.0
7.0 28200.0
8.0 30000.0
9.0 30900.0
10.0 31300.0
end
reaction: p ne22 -> na23 ; label: 22Ne(p,g)23Na ; table: 3 ; variant: standard
0.01 8.53e-25
0.015 4.11e-19
0.02 2.51e-16
0.03 1.29e-13
0.04 2.56e-12
0.05 1.43e-11
0.06 4.49e-11
0.07 1.13e-10
0.08 3.39e-10
0.09 1.4e-9
0.1 6.34e-9
0.15 1.52e-6
0.2 3.68e-5
0.3 0.0165
0.4 0.774
0.5 7.97
0.6 38.4
0.7 121.0
0.8 291.0
0.9 587.0
1.0 1040.0
1.5 6510.0
2.0 17300.0
3.0 36700.0
4.0 57700.0
5.0 80300.0
6.0 103000.0
7.0 125000.0
8.0 140000.0
9.0 144000.0
10.0 149000.0
end
reaction: p na20 -> mg21 ; label: 20Na(p,g)21Mg ; table: 3 ; variant: standard
0.01 2.33e-25
0.015 6.42e-21
0.02 9.37e-19
0.03 1.15e-16
0.04 1.75e-15
0.05 9.14e-13
0.06 1.1e-10
0.07 3.25e-9
0.08 4.02e-8
0.09 2.79e-7
0.1 1.29e-6
0.15 0.000111
0.2 0.000911
0.3 0.0063
0.4 0.0196
0.5 0.104
0.6 0.542
0.7 1.91
0.8 3.11
0.9 4.57
1.0 6.26
1.5 16.3
2.0 26.6
3.0 43.7
4.0 56.7
5.0 67.4
6.0 76.4
7.0 84.7
8.0 92.2
9.0 99.3
10.0 106.0
end
reaction: p na21 -> mg22 ; label: 21Na(p,g)22Mg ; table: 3 ; variant: standard
0.01 5.99e-33
0.015 8.52e-28
0.02 1.5e-24
0.03 1.74e-20
0.04 6.29e-18
0.05 4.26e-16
0.06 4.88e-14
0.07 1.1e-11
0.08 7.29e-10
0.09 1.87e-8
0.1 2.47e-7
0.15 0.000498
0.2 0.0199
0.3 0.726
0.4 4.58
0.5 17.0
0.6 44.4
0.7 90.8
0.8 158.0
0.9 245.0
1.0 351.0
1.5 1070.0
2.0 1880.0
3.0 3310.0
4.0 4360.0
5.0 5160.0
6.0 5800.0
7.0 6350.0
8.0 6860.0
9.0 7340.0
10.0 7820.0
end
reaction: p na22 -> mg23 ; label: 22Na(p,g)23Mg ; table: 3 ; variant: standard
0.015 6.48e-22
0.02 1.36e-18
0.03 6.15e-15
0.04 1.06e-12
0.05 2.57e-11
0.06 2.09e-10
0.07 9.36e-10
0.08 4.4e-9
0.09 4.57e-8
0.1 4.86e-7
0.15 0.000733
0.2 0.0276
0.3 1.07
0.4 6.86
0.5 21.3
0.6 46.6
0.7 84.2
0.8 135.0
0.9 201.0
1.0 281.0
1.5 1120.0
2.0 2430.0
3.0 5720.0
4.0 9310.0
5.0 12900.0
6.0 16500.0
7.0 20000.0
8.0 23400.0
9.0 26800.0
10.0 30200.0
end
reaction: p na23 -> mg24 ; label: 23Na(p,g)24Mg ; table: 3 ; variant: standard
0.01 1.66e-32
0.015 2.42e-27
0.02 4.29e-24
0.03 5.07e-20
0.04 1.16e-16
0.05 1.78e-13
0.06 2.5e-11
0.07 8.31e-10
0.08 1.12e-8
0.09 8.28e-8
0.1 4.06e-7
0.15 8.7e-5
0.2 0.00792
0.3 1.17
0.4 13.1
0.5 52.5
0.6 128.0
0.7 239.0
0.8 382.0
0.9 553.0
1.0 752.0
1.5 2190.0
2.0 4400.0
3.0 10400.0
4.0 14900.0
5.0 19000.0
6.0 23000.0
7.0 26500.0
8.0 29200.0
9.0 31000.0
10.0 31300.0
end
reaction: p na23 -> he4 ne20 ; label: 23Na(p,a)20Ne ; table: 3 ; variant: standard
0.01 5.67e-30
0.015 1.18e-24
0.02 1.18e-21
0.03 1.02e-17
0.04 3.81e-15
0.05 2.78e-13
0.06 8.71e-12
0.07 3.65e-10
0.08 7.77e-9
0.09 8.85e-8
0.1 6.27e-7
0.15 0.000289
0.2 0.0147
0.3 1.55
0.4 18.1
0.5 100.0
0.6 410.0
0.7 1270.0
0.8 3150.0
0.9 6550.0
1.0 12000.0
1.5 93000.0
2.0 320000.0
3.0 1.55e6
4.0 4.17e6
5.0 8.63e6
6.0 1.53e7
7.0 2.42e7
8.0 3.44e7
9.0 4.4e7
10.0 5.07e7
end
reaction: p mg22 -> al23 ; label: 22Mg(p,g)23Al ; table: 4 ; variant: standard
0.01 1.57e-36
0.015 4.69e-31
0.02 1.32e-27
0.03 2.76e-23
0.04 1.45e-20
0.05 1.25e-18
0.06 3.7e-17
0.07 5.52e-16
0.08 5.13e-15
0.09 3.37e-14
0.1 1.7e-13
0.15 5.13e-11
0.2 1.89e-9
0.3 2.08e-7
0.4 4.42e-6
0.5 3.43e-5
0.6 0.000149
0.7 0.000458
0.8 0.00114
0.9 0.00248
1.0 0.00487
1.5 0.0574
2.0 0.308
3.0 2.54
4.0 8.84
5.0 20.4
6.0 37.5
7.0 60.5
8.0 89.7
9.0 125.0
10.0 167.0
end
reaction: p mg23 -> al24 ; label: 23Mg(p,g)24Al ; table: 4 ; variant: standard
0.01 4.95e-35
0.015 1.47e-29
0.02 4.15e-26
0.03 8.67e-22
0.04 4.54e-19
0.05 3.88e-17
0.06 1.14e-15
0.07 1.7e-14
0.08 1.58e-13
0.09 1.03e-12
0.1 5.19e-12
0.15 1.53e-9
0.2 9.45e-8
0.3 0.000233
0.4 0.0152
0.5 0.178
0.6 0.893
0.7 2.76
0.8 6.39
0.9 12.1
1.0 17.1
1.5 51.9
2.0 96.1
3.0 188.0
4.0 277.0
5.0 363.0
6.0 448.0
7.0 538.0
8.0 630.0
9.0 727.0
10.0 828.0
end
reaction: p mg24 -> al25 ; label: 24Mg(p,g)25Al ; table: 4 ; variant: standard
0.02 5.27e-26
0.03 1.14e-21
0.04 6.26e-19
0.05 1.06e-16
0.06 1.51e-13
0.07 4.41e-11
0.08 3.05e-9
0.09 8.04e-8
0.1 1.09e-6
0.15 0.00233
0.2 0.0952
0.3 3.25
0.4 17.0
0.5 43.2
0.6 78.5
0.7 119.0
0.8 161.0
0.9 205.0
1.0 251.0
1.5 514.0
2.0 850.0
3.0 2040.0
4.0 3370.0
5.0 4730.0
6.0 5990.0
7.0 7180.0
8.0 8310.0
9.0 9390.0
10.0 10400.0
end
reaction: p mg25 -> al26 ; label: 25Mg(p,g)26Alg ; table: 4 ; variant: standard
0.01 5.39e-34
0.015 1.05e-24
0.02 4.53e-20
0.03 1.64e-15
0.04 2.79e-13
0.05 6.26e-12
0.06 5.92e-11
0.07 3.59e-10
0.08 1.56e-9
0.09 5.23e-9
0.1 1.44e-8
0.15 5.46e-6
0.2 0.0011
0.3 0.238
0.4 3.51
0.5 18.2
0.6 55.4
0.7 126.0
0.8 233.0
0.9 383.0
1.0 572.0
1.5 2000.0
2.0 3940.0
3.0 7160.0
4.0 10000.0
5.0 13200.0
6.0 16300.0
7.0 19300.0
8.0 21600.0
9.0 22600.0
10.0 23000.0
end
reaction: p mg25 -> al*6 ; label: 25Mg(p,g)26Alm ; table: 4 ; variant: standard
0.01 1.35e-34
0.015 2.42e-25
0.02 1.04e-20
0.03 3.5e-16
0.04 6.41e-14
0.05 1.4e-12
0.06 1.26e-11
0.07 7.27e-11
0.08 3.07e-10
0.09 1.11e-9
0.1 2.96e-9
0.15 1.06e-6
0.2 0.000182
0.3 0.0433
0.4 0.718
0.5 4.11
0.6 13.8
0.7 34.2
0.8 68.6
0.9 120.0
1.0 189.0
1.5 798.0
2.0 1740.0
3.0 3140.0
4.0 4500.0
5.0 5900.0
6.0 7200.0
7.0 8500.0
8.0 9600.0
9.0 10100.0
10.0 10400.0
end
reaction: p mg26 -> al27 ; label: 26Mg(p,g)27Al ; table: 4 ; variant: standard
0.01 1.5e-34
0.015 3.96e-27
0.02 6.77e-23
0.03 1.53e-18
0.04 2.29e-15
0.05 3.12e-13
0.06 8.69e-12
0.07 1.04e-10
0.08 7.92e-10
0.09 4.66e-9
0.1 2.28e-8
0.15 2.4e-5
0.2 0.00438
0.3 1.08
0.4 16.6
0.5 83.8
0.6 243.0
0.7 516.0
0.8 899.0
0.9 1380.0
1.0 1940.0
1.5 5390.0
2.0 9460.0
3.0 19700.0
4.0 35500.0
5.0 52700.0
6.0 70000.0
7.0 86400.0
8.0 101000.0
9.0 115000.0
10.0 127000.0
end
reaction: p al23 -> si24 ; label: 23Al(p,g)24Si ; table: 4 ; variant: standard
0.01 3.98e-38
0.015 2.41e-32
0.02 1.06e-28
0.03 5.96e-22
0.04 2.92e-16
0.05 7.03e-13
0.06 1.2e-10
0.07 4.57e-9
0.08 6.81e-8
0.09 5.45e-7
0.1 2.83e-6
0.15 0.000346
0.2 0.00337
0.3 0.0275
0.4 0.0693
0.5 0.112
0.6 0.146
0.7 0.171
0.8 0.19
0.9 0.206
1.0 0.222
1.5 1.01
2.0 2.28
3.0 5.35
4.0 8.31
5.0 10.9
6.0 13.1
7.0 15.2
8.0 16.9
9.0 18.5
10.0 19.9
end
reaction: p al24 -> si25 ; label: 24Al(p,g)25Si ; table: 5 ; variant: standard
0.01 2.18e-37
0.015 1.33e-31
0.02 5.92e-28
0.03 2.19e-23
0.04 1.65e-20
0.05 2.03e-18
0.06 2.98e-16
0.07 3.62e-14
0.08 1.48e-12
0.09 2.64e-11
0.1 2.61e-10
0.15 2.22e-7
0.2 6.29e-6
0.3 0.00111
0.4 0.0378
0.5 0.322
0.6 0.979
0.7 2.25
0.8 4.31
0.9 7.22
1.0 11.1
1.5 42.2
2.0 85.5
3.0 180.0
4.0 265.0
5.0 339.0
6.0 407.0
7.0 466.0
8.0 522.0
9.0 575.0
10.0 625.0
end
reaction: p al25 -> si26 ; label: 25Al(p,g)26Si ; table: 5 ; variant: standard
0.01 5.53e-36
0.015 7.17e-29
0.02 2.31e-25
0.03 6.45e-22
0.04 4.45e-20
0.05 2.03e-18
0.06 6.52e-17
0.07 1.12e-15
0.08 1.19e-14
0.09 8.72e-14
0.1 4.84e-13
0.15 3.94e-10
0.2 6.31e-7
0.3 0.00183
0.4 0.0893
0.5 0.858
0.6 3.69
0.7 10.1
0.8 19.7
0.9 33.7
1.0 52.1
1.5 204.0
2.0 419.0
3.0 884.0
4.0 1310.0
5.0 1670.0
6.0 1990.0
7.0 2280.0
8.0 2530.0
9.0 2770.0
10.0 2990.0
end
reaction: p al26 -> si27 ; label: 26Alg(p,g)27Si ; table: 5 ; variant: standard
0.01 5.78e-37
0.015 1.42e-29
0.02 5.5e-24
0.03 1.86e-18
0.04 1.09e-15
0.05 6.38e-14
0.06 1.35e-12
0.07 2.64e-11
0.08 6.27e-10
0.09 9.84e-9
0.1 9.3e-8
0.15 7.76e-5
0.2 0.00252
0.3 0.156
0.4 1.88
0.5 9.07
0.6 25.9
0.7 54.1
0.8 111.0
0.9 200.0
1.0 321.0
1.5 1470.0
2.0 3310.0
3.0 7750.0
4.0 12000.0
5.0 15700.0
6.0 19000.0
7.0 21800.0
8.0 24400.0
9.0 26700.0
10.0 28900.0
end
reaction: p al*6 -> si27 ; label: 26Alm(p,g)27Si ; table: 5 ; variant: standard
0.02 9.17e-24
0.03 2.61e-18
0.04 1.4e-15
0.05 7.78e-14
0.06 1.59e-12
0.07 3.11e-11
0.08 7.52e-10
0.09 1.19e-8
0.1 1.12e-7
0.15 9.86e-5
0.2 0.00355
0.3 0.279
0.4 4.14
end
reaction: p al27 -> si28 ; label: 27Al(p,g)28Si ; table: 5 ; variant: standard
0.01 6.87e-37
0.015 4.74e-31
0.02 3.5e-26
0.03 2.62e-20
0.04 3.01e-17
0.05 2.29e-15
0.06 4.82e-14
0.07 1.6e-12
0.08 6.73e-11
0.09 1.41e-9
0.1 1.65e-8
0.15 2.51e-5
0.2 0.000962
0.3 0.0425
0.4 0.396
0.5 2.08
0.6 7.7
0.7 21.8
0.8 50.6
0.9 100.0
1.0 179.0
1.5 1120.0
2.0 3040.0
3.0 8900.0
4.0 15400.0
5.0 20700.0
6.0 26300.0
7.0 31100.0
8.0 35000.0
9.0 36600.0
10.0 37100.0
end
reaction: p al27 -> he4 mg24 ; label: 27Al(p,a)24Mg ; table: 5 ; variant: standard
0.01 2.65e-40
0.015 1.87e-31
0.02 1.29e-25
0.03 7.85e-20
0.04 6.08e-17
0.05 3.39e-15
0.06 5.03e-14
0.07 3.48e-13
0.08 1.59e-12
0.09 7.03e-12
0.1 3.79e-11
0.15 2.76e-8
0.2 8.88e-7
0.3 0.000694
0.4 0.0515
0.5 0.681
0.6 3.86
0.7 13.7
0.8 36.8
0.9 83.9
1.0 172.0
1.5 2710.0
2.0 16900.0
3.0 145000.0
4.0 504000.0
5.0 1.35e6
6.0 2.93e6
7.0 5.5e6
8.0 8.82e6
9.0 1.21e7
10.0 1.41e7
end
reaction: p si26 -> p27 ; label: 26Si(p,g)27P ; table: 5 ; variant: standard
0.01 4.7e-40
0.015 6.71e-34
0.02 5.09e-30
0.03 3.69e-25
0.04 4.26e-22
0.05 6.39e-20
0.06 2.91e-18
0.07 6.11e-17
0.08 7.69e-16
0.09 9.61e-15
0.1 2.67e-13
0.15 6.38e-8
0.2 2.98e-5
0.3 0.0116
0.4 0.202
0.5 1.04
0.6 2.95
0.7 5.99
0.8 9.93
0.9 14.4
1.0 19.0
1.5 39.1
2.0 50.7
3.0 66.9
4.0 104.0
5.0 186.0
6.0 331.0
7.0 549.0
8.0 847.0
9.0 1230.0
10.0 1690.0
end
reaction: p si27 -> p28 ; label: 27Si(p,g)28P ; table: 5 ; variant: standard
0.01 9.15e-33
0.015 1.41e-26
0.02 1.54e-23
0.03 5.35e-20
0.04 4.61e-17
0.05 3.22e-15
0.06 1.22e-13
0.07 4.23e-12
0.08 7.39e-11
0.09 6.91e-10
0.1 4.09e-9
0.15 7.72e-7
0.2 2.05e-5
0.3 0.00476
0.4 0.0848
0.5 0.46
0.6 1.39
0.7 3.07
0.8 5.55
0.9 8.84
1.0 12.8
1.5 49.1
2.0 100.0
3.0 221.0
4.0 349.0
5.0 480.0
6.0 615.0
7.0 755.0
8.0 899.0
9.0 1040.0
10.0 1190.0
end
reaction: p si28 -> p29 ; label: 28Si(p,g)29P ; table: 6 ; variant: standard
0.03 5.97e-25
0.04 6.61e-22
0.05 9.63e-20
0.06 4.29e-18
0.07 8.87e-17
0.08 1.08e-15
0.09 9.01e-15
0.1 6.44e-14
0.15 5.46e-9
0.2 3.59e-6
0.3 0.00198
0.4 0.0411
0.5 0.235
0.6 0.714
0.7 1.52
0.8 2.62
0.9 3.92
1.0 5.33
1.5 12.9
2.0 29.3
3.0 185.0
4.0 382.0
5.0 651.0
6.0 992.0
7.0 1410.0
8.0 1900.0
9.0 2480.0
10.0 3160.0
end
reaction: p si29 -> p30 ; label: 29Si(p,g)30P ; table: 6 ; variant: standard
0.01 2.86e-39
0.015 3.59e-33
0.02 2.53e-29
0.03 1.17e-22
0.04 2.39e-18
0.05 8.61e-16
0.06 4.14e-14
0.07 6.36e-13
0.08 4.81e-12
0.09 2.31e-11
0.1 9.03e-11
0.15 1.07e-6
0.2 0.000321
0.3 0.105
0.4 2.11
0.5 12.9
0.6 42.3
0.7 97.5
0.8 179.0
0.9 285.0
1.0 410.0
1.5 1150.0
2.0 1870.0
3.0 3280.0
4.0 5110.0
5.0 7070.0
6.0 9340.0
7.0 11600.0
8.0 13500.0
9.0 14000.0
10.0 14300.0
end
reaction: p si30 -> p31 ; label: 30Si(p,g)31P ; table: 6 ; variant: standard
0.01 1.23e-35
0.015 3.53e-27
0.02 5.25e-23
0.03 6.54e-19
0.04 6.42e-17
0.05 9.33e-16
0.06 5.31e-15
0.07 1.82e-14
0.08 4.98e-14
0.09 1.53e-13
0.1 6.04e-13
0.15 8.58e-10
0.2 1.41e-6
0.3 0.00322
0.4 0.173
0.5 2.14
0.6 12.2
0.7 43.1
0.8 111.0
0.9 234.0
1.0 422.0
1.5 2370.0
2.0 5510.0
3.0 12900.0
4.0 25400.0
5.0 40400.0
6.0 56800.0
7.0 73900.0
8.0 90600.0
9.0 107000.0
10.0 123000.0
end
reaction: p p27 -> s28 ; label: 27P(p,g)28S ; table: 6 ; variant: standard
0.01 3.0e-42
0.015 7.32e-36
0.02 7.79e-32
0.03 8.64e-27
0.04 1.31e-23
0.05 2.37e-21
0.06 1.25e-19
0.07 2.95e-18
0.08 4.0e-17
0.09 3.62e-16
0.1 2.41e-15
0.15 1.92e-12
0.2 1.28e-10
0.3 2.44e-8
0.4 6.59e-7
0.5 6.81e-6
0.6 4.02e-5
0.7 0.000165
0.8 0.00053
0.9 0.00142
1.0 0.00331
1.5 0.0644
2.0 0.407
3.0 3.99
4.0 16.5
5.0 44.7
6.0 95.0
7.0 172.0
8.0 280.0
9.0 419.0
10.0 591.0
end
reaction: p p28 -> s29 ; label: 28P(p,g)29S ; table: 6 ; variant: standard
1.5 118.0
2.0 260.0
3.0 588.0
4.0 905.0
5.0 1200.0
6.0 1470.0
7.0 1730.0
8.0 1970.0
9.0 2210.0
10.0 2430.0
end
reaction: p p29 -> s30 ; label: 29P(p,g)30S ; table: 6 ; variant: standard
0.01 9.87e-42
0.015 2.43e-35
0.02 2.6e-31
0.03 2.91e-26
0.04 4.41e-23
0.05 8.01e-21
0.06 4.22e-19
0.07 9.98e-18
0.08 1.36e-16
0.09 1.42e-15
0.1 2.07e-14
0.15 2.7e-9
0.2 1.1e-6
0.3 0.000403
0.4 0.00812
0.5 0.0547
0.6 0.208
0.7 0.558
0.8 1.18
0.9 2.14
1.0 3.47
1.5 15.3
2.0 36.5
3.0 93.2
4.0 155.0
5.0 217.0
6.0 277.0
7.0 334.0
8.0 387.0
9.0 438.0
10.0 485.0
end
reaction: p p30 -> s31 ; label: 30P(p,g)31S ; table: 6 ; variant: standard
0.3 0.0042
0.4 0.1
0.5 0.852
0.6 3.98
0.7 12.7
0.8 31.7
0.9 66.0
1.0 121.0
1.5 821.0
2.0 2300.0
3.0 6890.0
4.0 12400.0
5.0 17900.0
6.0 23100.0
7.0 27900.0
8.0 32300.0
9.0 36300.0
10.0 40000.0
end
reaction: p p31 -> s32 ; label: 31P(p,g)32S ; table: 6 ; variant: standard
0.01 2.31e-41
0.015 5.75e-35
0.02 6.2e-31
0.03 6.99e-26
0.04 1.11e-22
0.05 1.9e-19
0.06 2.24e-16
0.07 3.8e-14
0.08 1.76e-12
0.09 3.41e-11
0.1 3.61e-10
0.15 4.04e-7
0.2 2.75e-5
0.3 0.0091
0.4 0.216
0.5 1.55
0.6 6.04
0.7 16.2
0.8 34.3
0.9 61.9
1.0 99.6
1.5 439.0
2.0 1090.0
3.0 2730.0
4.0 4730.0
5.0 7110.0
6.0 9760.0
7.0 12500.0
8.0 14900.0
9.0 15800.0
10.0 16100.0
end
reaction: p p31 -> he4 si28 ; label: 31P(p,a)28Si ; table: 7 ; variant: standard
0.01 7.79e-44
0.015 2.13e-37
0.02 2.61e-33
0.03 3.86e-28
0.04 2.19e-24
0.05 1.13e-20
0.06 4.58e-18
0.07 3.71e-16
0.08 1.11e-14
0.09 1.69e-13
0.1 1.55e-12
0.15 3.67e-9
0.2 2.09e-6
0.3 0.00154
0.4 0.0482
0.5 0.561
0.6 3.63
0.7 14.9
0.8 44.1
0.9 105.0
1.0 217.0
1.5 3280.0
2.0 17100.0
3.0 131000.0
4.0 479000.0
5.0 1.29e6
6.0 2.82e6
7.0 5.23e6
8.0 8.23e6
9.0 1.12e7
10.0 1.27e7
end
reaction: p s30 -> cl31 ; label: 30S(p,g)31Cl ; table: 7 ; variant: standard
0.01 3.72e-45
0.015 1.78e-38
0.02 2.91e-34
0.03 5.52e-29
0.04 1.17e-25
0.05 2.71e-23
0.06 1.71e-21
0.07 5.4e-20
0.08 6.05e-18
0.09 9.19e-16
0.1 5.49e-14
0.15 1.04e-8
0.2 4.02e-6
0.3 0.00129
0.4 0.0204
0.5 0.0992
0.6 0.271
0.7 0.534
0.8 0.867
0.9 1.59
1.0 2.65
1.5 14.6
2.0 40.0
3.0 136.0
4.0 296.0
5.0 525.0
6.0 820.0
7.0 1180.0
8.0 1590.0
9.0 2050.0
10.0 2530.0
end
reaction: p s31 -> cl32 ; label: 31S(p,g)32Cl ; table: 7 ; variant: standard
0.01 5.11e-44
0.015 2.45e-37
0.02 4.0e-33
0.03 7.61e-28
0.04 1.21e-23
0.05 7.34e-20
0.06 2.54e-17
0.07 1.6e-15
0.08 3.48e-14
0.09 3.74e-13
0.1 2.46e-12
0.15 6.11e-10
0.2 8.57e-9
0.3 9.41e-7
0.4 0.000157
0.5 0.00365
0.6 0.0294
0.7 0.128
0.8 0.383
0.9 0.888
1.0 1.73
1.5 12.5
2.0 31.4
3.0 86.9
4.0 157.0
5.0 237.0
6.0 325.0
7.0 417.0
8.0 512.0
9.0 613.0
10.0 711.0
end
reaction: p s32 -> cl33 ; label: 32S(p,g)33Cl ; table: 7 ; variant: standard
0.01 7.0e-44
0.015 4.43e-35
0.02 6.04e-29
0.03 6.95e-23
0.04 6.56e-20
0.05 3.71e-18
0.06 5.19e-17
0.07 3.3e-16
0.08 1.3e-15
0.09 3.77e-15
0.1 9.18e-15
0.15 3.06e-12
0.2 4.8e-9
0.3 5.03e-5
0.4 0.00731
0.5 0.139
0.6 0.947
0.7 3.6
0.8 9.55
0.9 20.0
1.0 35.5
1.5 174.0
2.0 339.0
3.0 1040.0
4.0 2010.0
5.0 3170.0
6.0 4490.0
7.0 5910.0
8.0 7400.0
9.0 8930.0
10.0 10500.0
end
reaction: p s33 -> cl34 ; label: 33S(p,g)34Cl ; table: 7 ; variant: standard
0.02 4.49e-49
0.03 1.61e-32
0.04 1.19e-24
0.05 4.69e-20
0.06 4.99e-17
0.07 7.21e-15
0.08 3.07e-13
0.09 5.89e-12
0.1 6.49e-11
0.15 1.29e-7
0.2 9.13e-6
0.3 0.00127
0.4 0.0236
0.5 0.171
0.6 0.72
0.7 2.15
0.8 5.09
0.9 10.2
1.0 17.9
1.5 101.0
2.0 238.0
3.0 566.0
4.0 938.0
5.0 1420.0
6.0 1980.0
7.0 2630.0
8.0 3160.0
9.0 3500.0
10.0 3650.0
end
reaction: p s34 -> cl35 ; label: 34S(p,g)35Cl ; table: 7 ; variant: standard
0.03 1.06e-31
0.04 5.27e-24
0.05 1.45e-19
0.06 1.17e-16
0.07 1.38e-14
0.08 5.06e-13
0.09 8.71e-12
0.1 1.06e-10
0.15 1.29e-7
0.2 1.07e-5
0.3 0.00259
0.4 0.0754
0.5 0.746
0.6 3.93
0.7 13.8
0.8 37.2
0.9 82.7
1.0 160.0
1.5 1340.0
2.0 4370.0
3.0 16500.0
4.0 35700.0
5.0 60200.0
6.0 88300.0
7.0 119000.0
8.0 149000.0
9.0 180000.0
10.0 210000.0
end
reaction: p cl31 -> ar32 ; label: 31Cl(p,g)32Ar ; table: 7 ; variant: standard
0.01 2.31e-46
0.015 2.12e-39
0.02 5.22e-35
0.03 1.66e-29
0.04 4.89e-26
0.05 1.43e-23
0.06 1.08e-21
0.07 3.41e-20
0.08 5.87e-19
0.09 6.5e-18
0.1 5.15e-17
0.15 7.61e-14
0.2 7.51e-12
0.3 2.33e-9
0.4 8.56e-8
0.5 1.1e-6
0.6 7.7e-6
0.7 3.62e-5
0.8 0.000129
0.9 0.000379
1.0 0.000955
1.5 0.0247
2.0 0.191
3.0 2.38
4.0 11.4
5.0 34.2
6.0 78.6
7.0 152.0
8.0 262.0
9.0 414.0
10.0 612.0
end
reaction: p cl32 -> ar33 ; label: 32Cl(p,g)33Ar ; table: 7 ; variant: standard
0.01 1.8e-46
0.015 2.1e-39
0.02 1.04e-32
0.03 2.05e-25
0.04 8.02e-22
0.05 1.06e-19
0.06 2.63e-18
0.07 2.7e-17
0.08 2.81e-16
0.09 4.79e-15
0.1 6.42e-14
0.15 1.7e-10
0.2 7.78e-9
0.3 5.31e-7
0.4 6.91e-5
0.5 0.00192
0.6 0.0174
0.7 0.0836
0.8 0.271
0.9 0.677
1.0 1.41
1.5 9.82
2.0 27.5
3.0 81.6
4.0 147.0
5.0 217.0
6.0 289.0
7.0 360.0
8.0 431.0
9.0 500.0
10.0 566.0
end
reaction: p cl33 -> ar34 ; label: 33Cl(p,g)34Ar ; table: 8 ; variant: standard
2.0 240.0
3.0 721.0
4.0 1310.0
5.0 1940.0
6.0 2580.0
7.0 3220.0
8.0 3860.0
9.0 4490.0
10.0 5110.0
end
reaction: p cl34 -> ar35 ; label: 34Cl(p,g)35Ar ; table: 8 ; variant: standard
0.2 3.7e-6
0.3 0.00114
0.4 0.0386
0.5 0.424
0.6 2.4
0.7 8.91
0.8 24.8
0.9 56.7
1.0 112.0
1.5 951.0
2.0 2990.0
3.0 9830.0
4.0 18000.0
5.0 25800.0
6.0 32800.0
7.0 38900.0
8.0 44200.0
9.0 48900.0
10.0 53000.0
end
reaction: p cl35 -> ar36 ; label: 35Cl(p,g)36Ar ; table: 8 ; variant: standard
0.01 9.67e-41
0.015 1.13e-32
0.02 1.08e-28
0.03 8.62e-25
0.04 7.88e-23
0.05 1.18e-19
0.06 5.49e-17
0.07 4.29e-15
0.08 1.09e-13
0.09 1.33e-12
0.1 9.77e-12
0.15 6.79e-9
0.2 1.14e-6
0.3 0.000941
0.4 0.0404
0.5 0.409
0.6 1.97
0.7 6.26
0.8 15.3
0.9 31.7
1.0 57.9
1.5 407.0
2.0 1160.0
3.0 3030.0
4.0 5310.0
5.0 8150.0
6.0 11600.0
7.0 15500.0
8.0 18300.0
9.0 19800.0
10.0 20200.0
end
reaction: p cl35 -> he4 s32 ; label: 35Cl(p,a)32S ; table: 8 ; variant: standard
0.01 6.74e-43
0.015 7.84e-35
0.02 7.45e-31
0.03 5.93e-27
0.04 5.95e-25
0.05 1.42e-21
0.06 6.64e-19
0.07 5.18e-17
0.08 1.32e-15
0.09 1.62e-14
0.1 1.18e-13
0.15 1.96e-10
0.2 7.72e-8
0.3 5.86e-5
0.4 0.00332
0.5 0.0594
0.6 0.468
0.7 2.15
0.8 6.92
0.9 17.4
1.0 37.0
1.5 420.0
2.0 1940.0
3.0 16600.0
4.0 75100.0
5.0 245000.0
6.0 628000.0
7.0 1.34e6
8.0 2.29e6
9.0 3.21e6
10.0 3.7e6
end
reaction: p ar34 -> k35 ; label: 34Ar(p,g)35K ; table: 8 ; variant: standard
0.01 2.87e-49
0.015 5.06e-42
0.02 1.88e-37
0.03 1.0e-31
0.04 4.07e-28
0.05 1.5e-25
0.06 1.35e-23
0.07 4.92e-22
0.08 9.52e-21
0.09 1.16e-19
0.1 1.0e-18
0.15 2.0e-15
0.2 2.39e-13
0.3 9.43e-11
0.4 4.03e-9
0.5 5.78e-8
0.6 4.38e-7
0.7 2.2e-6
0.8 8.31e-6
0.9 2.55e-5
1.0 6.77e-5
1.5 0.00214
2.0 0.0183
3.0 0.247
4.0 1.22
5.0 3.82
6.0 9.09
7.0 18.0
8.0 31.8
9.0 51.5
10.0 77.5
end
reaction: p ar35 -> k36 ; label: 35Ar(p,g)36K ; table: 8 ; variant: standard
0.01 2.98e-48
0.015 5.23e-41
0.02 1.93e-36
0.03 1.02e-30
0.04 4.52e-27
0.05 1.31e-22
0.06 5.76e-19
0.07 2.24e-16
0.08 1.91e-14
0.09 5.95e-13
0.1 9.14e-12
0.15 2.91e-8
0.2 1.44e-6
0.3 6.01e-5
0.4 0.000349
0.5 0.00114
0.6 0.00495
0.7 0.0148
0.8 0.0345
0.9 0.0684
1.0 0.119
1.5 0.699
2.0 1.84
3.0 5.45
4.0 10.4
5.0 16.3
6.0 23.1
7.0 30.6
8.0 38.5
9.0 46.6
10.0 54.8
end
reaction: p ar36 -> k37 ; label: 36Ar(p,g)37K ; table: 8 ; variant: standard
0.01 2.81e-48
0.015 4.97e-41
0.02 1.85e-36
0.03 9.83e-31
0.04 3.99e-27
0.05 1.46e-24
0.06 1.75e-22
0.07 1.99e-19
0.08 1.03e-16
0.09 1.33e-14
0.1 6.37e-13
0.15 6.15e-8
0.2 1.68e-5
0.3 0.00386
0.4 0.0514
0.5 0.226
0.6 0.579
0.7 1.11
0.8 1.83
0.9 2.81
1.0 4.24
1.5 26.7
2.0 84.5
3.0 304.0
4.0 650.0
5.0 1090.0
6.0 1630.0
7.0 2230.0
8.0 2860.0
9.0 3530.0
10.0 4210.0
end
reaction: p k35 -> ca36 ; label: 35K(p,g)36Ca ; table: 8 ; variant: standard
0.01 4.98e-51
0.015 1.64e-43
0.02 9.05e-39
0.03 7.93e-33
0.04 4.42e-29
0.05 2.03e-26
0.06 2.18e-24
0.07 9.09e-23
0.08 1.97e-21
0.09 2.65e-20
0.1 2.48e-19
0.15 6.63e-16
0.2 1.1e-13
0.3 6.15e-9
0.4 3.46e-6
0.5 0.000143
0.6 0.00164
0.7 0.009
0.8 0.0314
0.9 0.0814
1.0 0.171
1.5 1.4
2.0 3.53
3.0 7.68
4.0 10.9
5.0 15.1
6.0 22.5
7.0 35.2
8.0 55.2
9.0 84.4
10.0 124.0
end
reaction: p k36 -> ca37 ; label: 36K(p,g)37Ca ; table: 9 ; variant: standard
1.5 46.7
2.0 146.0
3.0 486.0
4.0 918.0
5.0 1380.0
6.0 1840.0
7.0 2290.0
8.0 2720.0
9.0 3140.0
10.0 3540.0
end
reaction: p k37 -> ca38 ; label: 37K(p,g)38Ca ; table: 9 ; variant: standard
1.5 54.5
2.0 175.0
3.0 610.0
4.0 1210.0
5.0 1900.0
6.0 2640.0
7.0 3400.0
8.0 4180.0
9.0 4960.0
10.0 5720.0
end
reaction: p k38 -> ca39 ; label: 38K(p,g)39Ca ; table: 9 ; variant: standard
0.15 1.25e-9
0.2 1.81e-7
0.3 8.76e-5
0.4 0.0038
0.5 0.0484
0.6 0.303
0.7 1.21
0.8 3.59
0.9 8.61
1.0 17.7
1.5 174.0
2.0 599.0
3.0 2260.0
4.0 4700.0
5.0 7630.0
6.0 10900.0
7.0 14500.0
8.0 18300.0
9.0 22300.0
10.0 26400.0
end
reaction: p k39 -> ca40 ; label: 39K(p,g)40Ca ; table: 9 ; variant: standard
0.15 2.02e-9
0.2 2.56e-7
0.3 7.55e-5
0.4 0.00229
0.5 0.0238
0.6 0.132
0.7 0.491
0.8 1.38
0.9 3.19
1.0 6.32
1.5 52.6
2.0 153.0
3.0 456.0
4.0 883.0
5.0 1480.0
6.0 2320.0
7.0 3310.0
8.0 4170.0
9.0 4740.0
10.0 4980.0
end
reaction: p k39 -> he4 ar36 ; label: 39K(p,a)36Ar ; table: 9 ; variant: standard
0.15 4.71e-14
0.2 1.42e-11
0.3 1.19e-8
0.4 7.22e-7
0.5 1.3e-5
0.6 0.000118
0.7 0.000689
0.8 0.00296
0.9 0.0102
1.0 0.0297
1.5 1.39
2.0 17.3
3.0 522.0
4.0 5550.0
5.0 32400.0
6.0 129000.0
7.0 352000.0
8.0 741000.0
9.0 1.19e6
10.0 1.48e6
end
reaction: p ca39 -> sc40 ; label: 39Ca(p,g)40Sc ; table: 9 ; variant: standard
0.01 4.91e-53
0.015 3.05e-45
0.02 2.51e-40
0.03 3.66e-34
0.04 2.93e-30
0.05 6.13e-26
0.06 3.72e-22
0.07 1.84e-19
0.08 1.87e-17
0.09 6.72e-16
0.1 1.15e-14
0.15 5.3e-11
0.2 3.97e-9
0.3 6.26e-7
0.4 1.03e-5
0.5 5.47e-5
0.6 0.00016
0.7 0.000336
0.8 0.00083
0.9 0.00173
1.0 0.00317
1.5 0.0233
2.0 0.0745
3.0 0.301
4.0 0.727
5.0 1.39
6.0 2.3
7.0 3.48
8.0 4.88
9.0 6.48
10.0 8.21
end
reaction: p ca40 -> sc41 ; label: 40Ca(p,g)41Sc ; table: 9 ; variant: standard
0.01 2.45e-53
0.015 1.53e-45
0.02 1.27e-40
0.03 1.86e-34
0.04 1.44e-30
0.05 8.37e-28
0.06 1.07e-25
0.07 5.19e-24
0.08 1.27e-22
0.09 1.89e-21
0.1 1.94e-20
0.15 7.47e-17
0.2 4.09e-13
0.3 4.33e-8
0.4 1.26e-5
0.5 0.000352
0.6 0.00308
0.7 0.014
0.8 0.0423
0.9 0.0982
1.0 0.189
1.5 1.21
2.0 5.91
3.0 37.0
4.0 111.0
5.0 241.0
6.0 437.0
7.0 702.0
8.0 1040.0
9.0 1430.0
10.0 1870.0
end
